data/ser/2021-06-07/03_34_00_pipp/step-1_fwhm-22.0-factor-60.0_radius-83.6.aperture_sum.ecsv
# %ECSV 0.9
# ---
# datatype:
# - {name: frame_id, datatype: int32}
# - {name: id, datatype: int32}
# - {name: xcenter, unit: pix, datatype: float64}
# - {name: ycenter, unit: pix, datatype: float64}
# - {name: aperture_sum, datatype: float64}
# meta: !!omap
# - {name: Aperture photometry results}
# - {version: 'astropy: 4.2, photutils: 1.0.1'}
# - {aperture_photometry_args: 'method=''center'', subpixels=5'}
# - {radius: 83.6}
# - __serialized_columns__:
#     xcenter:
#       __class__: astropy.units.quantity.Quantity
#       unit: &id001 !astropy.units.Unit {unit: pix}
#       value: !astropy.table.SerializedColumn {name: xcenter}
#     ycenter:
#       __class__: astropy.units.quantity.Quantity
#       unit: *id001
#       value: !astropy.table.SerializedColumn {name: ycenter}
# schema: astropy-2.0
frame_id id xcenter ycenter aperture_sum
[from data line 363]
181 2 495.24687828 272.796011959 31622470.0
182 1 224.295068733 229.229570306 28748673.0
182 2 497.334057424 271.908622702 31254396.0
183 1 226.249255402 228.687530457 25852816.0
183 2 496.2855076 269.689459831 31291014.0
184 1 224.575144022 225.980960886 26984184.0
184 2 494.715771367 268.697758453 30693371.0
185 1 222.851355023 225.646025536 27009586.0
185 2 495.073152774 268.65931031 34528834.0
186 1 220.45223628 225.726696395 27545067.0
186 2 493.363600844 267.221203525 33856847.0
187 1 220.184673146 226.102611417 27157608.0
187 2 493.014165641 267.791726709 30372462.0
188 1 222.458549824 228.147025958 29444246.0
188 2 495.058611301 269.536018215 32688014.0
189 1 224.410422009 227.52915331 29854021.0
189 2 495.135640925 269.698060445 33975859.0
190 1 222.995709934 226.818788517 25286385.0
190 2 496.936503328 269.897713486 31148881.0
191 1 220.703437814 224.999555003 30772549.0
191 2 496.707948561 268.626657549 31786734.0
192 1 221.954070222 225.157372115 27140384.0
192 2 494.347206935 267.601508491 32415250.0
193 1 223.758661165 227.381646326 28164168.0
193 2 495.728675555 267.320032507 30289701.0
194 1 223.107338923 226.202533332 27161925.0
194 2 496.915566292 269.334024687 31455854.0
195 1 220.949415868 225.038060931 27128668.0
195 2 493.912820151 269.448972165 32668266.0
196 1 218.164818148 225.274392584 26761528.0
196 2 491.445414774 269.819965149 30611000.0
197 1 218.674315789 226.514811847 25315750.0
197 2 492.69082371 271.268847901 32312488.0
198 1 220.397347308 229.939657931 26870901.0
198 2 494.683809019 273.544435858 29755643.0
199 1 220.603615016 228.082309866 28240105.0
199 2 494.668187007 271.000779882 31134539.0
200 1 216.867807315 224.601107492 27887541.0
200 2 496.447958986 269.372145172 33544357.0
201 1 218.782512166 225.61231428 26002285.0
201 2 494.712577723 269.912851697 35272590.0
202 1 219.430988501 226.627020591 26223035.0
202 2 495.361252291 268.703752725 31649640.0
203 1 218.187851038 225.748782771 29153036.0
203 2 493.746388031 268.378494755 33936377.0
204 1 219.263303919 223.814337261 25071655.0
204 2 492.822623041 265.314869041 31968561.0
205 1 219.442601982 223.134696188 27143215.0
205 2 495.202307484 264.854277728 30445532.0
206 1 219.708143677 222.6947445 29128164.0
206 2 493.900231432 263.56538233 30466034.0
207 1 218.787438694 221.551259079 28465625.0
207 2 492.545821606 262.710867277 29956924.0
208 1 218.302393347 220.717701625 27412138.0
208 2 492.360990728 262.624430657 29940542.0
209 1 215.93144452 219.116614221 26532676.0
209 2 489.811861026 260.693199154 37289822.0
210 1 215.023555999 217.585920765 27311909.0
210 2 489.950148975 262.015494802 35747190.0
211 1 216.081012684 221.032999495 27890301.0
211 2 489.801411083 266.799165588 32256570.0
212 1 217.257370715 223.714826329 29744599.0
212 2 489.474880574 269.132473716 30710081.0
213 1 220.358564946 223.038357538 30039281.0
213 2 492.076217082 268.839950835 34997848.0
214 1 218.420649882 221.568702551 24667884.0
214 2 491.319885327 267.995711968 33060341.0
215 1 217.152341181 220.943933166 28431733.0
215 2 492.492718392 264.75610275 28208026.0
216 1 216.207784024 218.8113334 26361898.0
216 2 489.317083313 264.79394966 31582863.0
217 1 215.348691905 217.926256172 25911237.0
217 2 487.733310667 263.431776443 34146924.0
218 1 217.803298893 219.820232693 27142480.0
218 2 488.679497091 260.702427732 31650500.0
219 1 216.479022453 219.728170818 29190005.0
219 2 490.665905174 260.701014235 32248038.0
220 1 219.919995857 220.330711298 30776983.0
220 2 492.563197228 261.985760784 35060687.0
221 1 220.405110841 222.749936403 27158697.0
221 2 492.442278201 263.442449878 33522644.0
222 1 221.410255791 223.956759863 28291914.0
222 2 492.737088796 263.263563692 35592838.0
223 1 220.205969551 222.798103136 25881830.0
224 1 219.817661303 221.463417622 30369947.0
224 2 494.160661044 262.258265165 33828048.0
225 1 221.496385187 218.774402601 27311480.0
225 2 496.242213702 264.906185542 32921447.0
226 1 223.000953722 219.533539415 27355790.0
226 2 497.203210219 265.216544846 32823491.0
227 1 222.730193933 220.618637445 26339543.0
227 2 495.876650035 263.282682084 33334088.0
228 1 222.921655961 222.444049972 25457514.0
228 2 495.561652714 263.959302566 30359001.0
229 1 219.223751564 221.974017656 29236756.0
229 2 494.251919156 266.560390988 32130515.0
230 1 218.552437825 222.955549948 28288116.0
230 2 493.50793388 266.264587379 32787432.0
231 1 221.520722005 225.625597379 27236974.0
231 2 494.576886436 268.623112298 32938789.0
232 1 224.869060494 225.528561552 27260257.0
232 2 498.659488925 269.898604422 31572684.0
233 1 227.4966091 225.961783796 26900571.0
233 2 502.268296171 271.395398184 31024802.0
234 1 227.918078473 227.27958205 26586382.0
234 2 502.613357876 271.750485785 31862280.0
235 1 226.700287748 228.006823506 28584819.0
235 2 502.024314197 270.534114245 34191257.0
236 1 227.311079035 227.020197431 28447230.0
236 2 501.489401102 272.898971356 30836953.0
237 1 223.753576688 228.106831149 29860218.0
237 2 499.027068651 275.097250172 32513648.0
238 1 224.990905913 228.925158102 29294957.0
238 2 496.937852787 273.932851795 32714508.0
239 1 224.105922252 230.518616908 28683984.0
239 2 497.957874559 273.180475128 32585612.0
240 1 224.56616513 229.487889772 27153080.0
240 2 498.775905028 271.042357555 32358343.0
241 1 226.788723381 227.833035614 28569382.0
241 2 498.410103758 270.626408772 30430499.0
242 1 225.655400676 228.086175396 27572113.0
242 2 499.479247716 271.483534536 35463159.0
243 1 226.587722712 228.9431739 29002190.0
243 2 501.691253528 271.196793743 32857686.0
244 1 224.102025906 230.100767196 28434544.0
244 2 502.326933833 271.473164869 35407626.0
245 1 226.546298335 230.945919656 28635747.0
245 2 501.353559475 273.363345195 31505736.0
246 1 226.524556817 229.149786269 28047087.0
246 2 501.802406934 272.477469429 30006629.0
247 1 227.011694574 228.125301249 30300885.0
247 2 501.129734208 271.261546739 34901516.0
248 1 228.666956929 229.224915803 27350668.0
248 2 499.970342349 273.716560758 33806469.0
249 1 229.472819329 232.174726204 27044937.0
249 2 499.025524314 275.238709484 33031453.0
250 1 229.644491914 232.159511222 28417302.0
250 2 500.420188006 277.019011855 33492779.0
251 1 228.86399246 230.668277761 28937201.0
251 2 501.139965596 275.884577091 32347391.0
252 1 225.20224008 230.406719383 25836873.0
252 2 496.891246931 273.752863781 32825799.0
253 1 224.097861847 232.455558617 28127313.0
253 2 497.424573482 274.488178958 30066974.0
254 1 224.089355038 230.25783116 26970414.0
254 2 500.135789084 273.477382108 31766182.0
255 1 221.097401737 227.429294226 28987001.0
255 2 494.977467049 271.687730608 32238937.0
256 1 221.820643047 229.843868005 28051962.0
256 2 497.11973297 271.723363645 29219787.0
257 1 224.364079696 228.04513642 29041435.0
257 2 498.522706461 271.873884393 31254381.0
258 1 226.772179346 228.576320628 27084922.0
258 2 499.748210414 271.47396303 32088900.0
259 1 224.522748208 229.418743372 28342203.0
259 2 500.008255473 272.346348032 31446038.0
260 1 223.904090302 228.978390011 29452725.0
260 2 500.482968119 272.039150334 31456245.0
261 1 223.873243602 229.322999566 27998980.0
261 2 498.15307201 270.854720242 30808616.0
262 1 224.634842858 227.777560742 27231076.0
262 2 496.708425849 270.856587679 30519000.0
263 1 224.460840621 228.447587126 27670816.0
263 2 499.162886332 270.796626485 29711047.0
264 1 224.512657637 227.509576188 26290810.0
264 2 497.165698349 271.864747862 30522341.0
265 1 224.231779553 228.145766625 25803747.0
265 2 496.054923737 270.801504147 33197337.0
266 1 224.95010651 227.767492281 26906344.0
266 2 496.757036516 272.2263057 32452582.0
267 1 221.703558336 228.740695594 25973650.0
267 2 493.308519473 274.823522258 33209273.0
268 1 223.462873164 228.15240724 27686184.0
268 2 494.995497903 273.441739442 34217367.0
269 1 225.612073035 229.513727676 25450427.0
269 2 494.092343942 271.08357423 33600486.0
270 1 224.861211821 232.135905554 26350391.0
270 2 493.324970693 271.694564573 33646165.0
271 1 221.144855718 231.448431856 26576370.0
271 2 491.247946414 271.794946581 31643529.0
272 1 220.124410573 232.244221764 27474166.0
272 2 490.730407513 271.92158714 30981588.0
273 1 221.804025585 233.181170474 27720576.0
273 2 491.4339642 273.035146539 32973273.0
274 1 218.650884854 233.531293154 25518761.0
274 2 490.155221552 273.054181818 32528253.0
275 1 216.705295328 233.048066207 28668446.0
275 2 491.455892306 274.566768912 30650301.0
276 1 217.218453688 232.911886003 26085781.0
276 2 491.454193061 274.486578357 36033303.0
277 1 217.760070385 234.601200266 25173444.0
277 2 492.370982803 275.706609604 33709740.0
278 1 217.070357659 235.452276915 26099616.0
278 2 490.173106727 276.94618039 32230697.0
279 1 217.658667726 233.924731329 26539525.0
279 2 490.844912367 275.547271869 30301531.0
280 1 219.567858404 232.514640255 28208007.0
280 2 491.695493587 277.139692348 32462236.0
281 1 218.45104676 232.076817444 24391917.0
281 2 490.034584302 276.660302889 34703787.0
282 1 219.899332145 234.760767008 28386401.0
282 2 492.162844082 279.371579676 33215104.0
283 1 218.541832834 236.713298745 26257474.0
283 2 490.018304264 279.100547141 32457169.0
284 1 221.645905921 237.282688023 27327219.0
284 2 490.574081452 280.040831219 35386580.0
285 1 218.964344005 236.809520443 29856074.0
285 2 493.628287936 279.38001414 35355426.0
286 1 221.720032414 237.186092493 29920405.0
286 2 496.435670039 279.362227769 32082714.0
287 1 221.162174341 239.595708863 26388543.0
287 2 495.404367572 281.881445702 31620946.0
288 1 221.519248469 242.213997888 26837408.0
288 2 493.467098857 282.678933578 34114299.0
289 1 221.950453077 240.43995134 28623446.0
289 2 495.791480445 284.294802922 32879417.0
290 1 226.409040149 241.869936254 28560977.0
290 2 497.240146975 286.416036339 34330593.0
291 1 221.873470439 240.657077077 29922152.0
291 2 495.301458728 284.843714484 35147824.0
292 1 219.757878503 241.952983512 26117718.0
292 2 493.20539723 284.682467557 30934648.0
293 1 224.00250981 244.514998689 27681521.0
293 2 500.039890166 282.902169968 32932518.0
294 1 223.682951985 242.772207982 29852137.0
294 2 499.621532428 282.247760467 33469640.0
295 1 225.859199835 239.157610425 31024306.0
295 2 500.663778239 281.178509329 31950546.0
296 1 222.415616623 238.496511843 25844575.0
296 2 499.480127764 279.512960824 32970172.0
297 1 219.213937039 239.239854663 26470609.0
297 2 492.157916525 281.699772712 32173102.0
298 1 220.829657488 239.919090969 29507066.0
298 2 493.879318596 282.754262651 32796707.0
299 1 223.813204536 242.679191963 27233921.0
299 2 496.399568266 282.852600514 34773509.0
300 1 226.951318289 242.169661321 28485634.0
300 2 495.396478557 281.27250638 30991545.0
301 1 223.731605731 242.480756007 30883582.0
301 2 495.069543332 282.44429486 31971654.0
302 1 224.236658411 239.317875775 29859635.0
302 2 494.880293166 279.57976289 33507888.0
303 1 224.106943319 234.769323037 30215081.0
303 2 492.854701358 277.273319918 33237421.0
304 1 221.891767091 233.212296711 27079065.0
304 2 491.681157635 274.349456068 31306965.0
305 1 220.725404997 233.760445385 27850350.0
305 2 492.62345831 275.306482265 33364219.0
306 1 219.669198376 232.52325942 28634852.0
306 2 491.970851175 274.320327419 34258920.0
307 1 491.494128756 276.391925671 34282675.0
308 1 218.32264316 237.885836048 25340398.0
308 2 491.839755614 276.651303248 29051759.0
309 1 219.045502934 237.229368592 28894900.0
309 2 492.77957307 277.283789917 33959322.0
310 1 218.727203731 236.104136669 28176788.0
310 2 491.484998166 277.720100052 35525729.0
311 1 492.855105127 279.100767111 34071256.0
312 1 219.383345742 235.181173898 29726152.0
312 2 493.553325033 279.863566316 34875870.0
313 1 218.588462449 235.535959886 26620431.0
313 2 492.794047118 281.691856872 30030555.0
314 1 218.648086516 234.707640709 29988363.0
314 2 490.190108201 282.071295169 33184784.0
315 1 215.410343462 234.211551547 27872203.0
315 2 489.368032153 281.831412804 33980369.0
316 1 214.959315465 234.768743436 27917012.0
316 2 487.728367542 280.920647842 34833008.0
317 1 215.018785004 235.791927525 27945954.0
317 2 488.169054646 280.222737716 34289411.0
318 1 214.634619767 236.077781134 27752706.0
318 2 488.440627291 278.103395815 32961898.0
319 1 215.403835722 236.460998262 29384696.0
319 2 491.338146668 279.998317811 35048400.0
320 1 218.402675367 238.615841468 24960986.0
320 2 491.357869077 281.113156622 36499629.0
321 1 218.325086292 238.720726089 27703388.0
321 2 490.220871827 281.880277973 35163584.0
322 1 212.383841842 240.031935077 28428286.0
322 2 496.602394463 282.598826717 31295555.0
323 1 219.970336066 238.542292203 30552241.0
323 2 495.384233424 282.770788544 34788407.0
324 1 224.282249149 239.079934404 26850577.0
324 2 497.882496954 282.205394081 35056136.0
325 1 496.99947754 278.90325273 31289117.0
326 1 220.872851655 235.645453737 27060708.0
326 2 495.116761992 278.699548095 32771153.0
327 1 221.505256768 235.660195118 29250970.0
327 2 493.230764808 277.566255372 34367991.0
328 1 218.973100636 235.485067038 28414277.0
328 2 490.536437863 277.693276257 30047780.0
329 1 216.702428329 234.00879903 27870585.0
329 2 486.623472818 277.179847695 32913725.0
330 1 222.617964649 238.038594049 27770815.0
330 2 487.920766304 279.406174142 31089863.0
330 3 499.033347033 286.079661864 31153027.0
331 1 218.018083733 238.20162299 29082000.0
331 2 493.775063398 285.215274302 36083186.0
332 1 219.064904209 238.476276939 29178899.0
332 2 492.079579079 284.404774308 30956021.0
333 1 219.057691158 240.594893843 26572196.0
333 2 493.461326779 284.21949872 31384676.0
334 1 218.753319904 239.482434356 26640205.0
334 2 490.758827357 280.535203338 34488894.0
335 1 217.954585979 237.189718447 28944682.0
335 2 491.657318502 279.676008538 31955246.0
336 1 218.469532812 235.586806124 25114062.0
336 2 491.295507882 277.898808584 35103115.0
337 1 217.249792185 237.077384682 27516920.0
337 2 488.594495803 276.408106566 35343656.0
338 1 216.741680644 237.492475876 30771788.0
338 2 489.267229533 279.244630251 31659625.0
339 1 215.204553574 236.861752219 28144790.0
339 2 490.35680157 280.098999879 35282287.0
340 1 214.758789442 237.18192163 29860794.0
340 2 485.559705123 278.522978838 34039743.0
341 1 213.37303366 237.789537965 26703031.0
341 2 485.288059231 282.435138169 33965913.0
342 1 213.59078407 238.866422197 26282680.0
342 2 485.66606026 280.293911348 35460517.0
343 1 215.126642616 238.821052155 28212031.0
343 2 488.783786463 279.249622028 33598188.0
344 1 216.356555347 238.348238554 26157874.0
344 2 487.130965909 276.673101999 33877399.0
345 1 214.471065249 236.171003437 29955129.0
345 2 486.965954201 276.769631167 34862905.0
346 1 211.204896699 233.852811994 30171139.0
346 2 486.4165053 276.388120794 35178994.0
347 1 210.951160329 234.298692638 27042650.0
347 2 487.794697901 276.875786724 32025794.0
348 1 212.604397802 233.224851388 28678052.0
348 2 488.235909344 279.733718268 29422952.0
349 1 215.479495717 235.679650958 26666958.0
349 2 488.519616146 279.994146337 34093118.0
350 1 216.389313281 236.792435965 29237417.0
350 2 490.109844572 277.919036865 35682718.0
351 1 214.87502173 237.565939856 29281746.0
351 2 488.93787735 279.641390811 33267485.0
352 1 212.463309169 238.429589704 28899679.0
352 2 486.326871195 280.291730807 32272798.0
353 1 214.344086768 241.127395755 29482211.0
353 2 485.397719789 281.047173528 32359556.0
354 1 214.821196289 241.667258719 27505052.0
354 2 487.022115942 279.998447278 32544150.0
355 1 216.696496192 240.719784313 31516024.0
355 2 488.543706888 282.837844255 32619275.0
356 1 220.010232764 240.46014954 28544276.0
356 2 491.086316032 282.716214568 34965733.0
357 1 220.80539473 240.133310179 27609396.0
357 2 492.857455085 284.665145467 33269038.0
358 1 218.027509705 240.690828985 25906962.0
358 2 493.747354392 282.263742971 34271212.0
359 1 217.80097948 238.98868549 28939019.0
359 2 491.715595751 281.068127202 34471085.0
360 1 216.733710722 233.69998989 30688250.0
360 2 490.041245708 279.788326875 33844361.0
