data/ser/2021-06-07/03_34_00_pipp/step-1_fwhm-22.0-factor-60.0_radius-74.8.aperture_sum.ecsv
# %ECSV 0.9
# ---
# datatype:
# - {name: frame_id, datatype: int32}
# - {name: id, datatype: int32}
# - {name: xcenter, unit: pix, datatype: float64}
# - {name: ycenter, unit: pix, datatype: float64}
# - {name: aperture_sum, datatype: float64}
# meta: !!omap
# - {name: Aperture photometry results}
# - {version: 'astropy: 4.2, photutils: 1.0.1'}
# - {aperture_photometry_args: 'method=''center'', subpixels=5'}
# - {radius: 74.8}
# - __serialized_columns__:
#     xcenter:
#       __class__: astropy.units.quantity.Quantity
#       unit: &id001 !astropy.units.Unit {unit: pix}
#       value: !astropy.table.SerializedColumn {name: xcenter}
#     ycenter:
#       __class__: astropy.units.quantity.Quantity
#       unit: *id001
#       value: !astropy.table.SerializedColumn {name: ycenter}
# schema: astropy-2.0
frame_id id xcenter ycenter aperture_sum
[from data line 5641]
2827 2 432.03001225 457.666153391 48142142.0
2828 1 177.298307076 413.710806867 43515439.0
2828 2 430.392649614 454.669794314 45358418.0
2829 1 175.62683538 414.138230782 40503981.0
2829 2 428.312319146 452.846715901 45264621.0
2830 1 175.041802591 413.430691492 42067301.0
2830 2 430.002390101 453.0047723 47717317.0
2831 1 174.731338657 414.330813241 40093934.0
2831 2 428.417443417 454.731941123 49005819.0
2832 1 177.161250974 418.518229412 41251381.0
2832 2 429.725346223 458.287368884 46245884.0
2833 1 176.483476999 419.817495329 41491743.0
2833 2 431.451676394 459.284441148 45211255.0
2834 1 177.408403363 420.783391942 43030369.0
2834 2 427.638082023 455.426342326 43770622.0
2835 1 176.887111374 416.791492296 43337496.0
2835 2 429.529319787 457.424488689 48563106.0
2836 1 175.752610147 414.712215319 41418208.0
2836 2 429.610478885 455.812346833 49179584.0
2837 1 175.95780867 416.159726175 41677538.0
2837 2 429.155053612 454.799601769 46818063.0
2838 1 173.200965866 414.774297885 42721528.0
2838 2 427.135927828 455.113675604 45262255.0
2839 1 171.047649009 411.98161426 41468781.0
2839 2 425.65901651 454.756519793 44906001.0
2840 1 166.792809736 413.428220018 43043215.0
2840 2 423.250385121 457.692081304 45996148.0
2841 1 167.55023608 416.079495428 40081647.0
2841 2 424.295764408 457.520243403 46516102.0
2842 1 169.275105342 418.885712819 38354208.0
2842 2 424.662086465 456.809871957 48932586.0
2843 1 164.777646926 415.006077389 41783586.0
2843 2 418.937097539 454.374638616 47967291.0
2844 1 164.62555698 412.73198755 41474304.0
2844 2 418.40804468 453.385994701 50300589.0
2845 1 164.496628416 409.522344953 42719681.0
2845 2 419.350272935 452.902462084 47164916.0
2846 1 164.56047141 409.464222619 41859423.0
2846 2 417.301076054 451.619418492 48002015.0
2847 1 165.608204982 409.075457067 39528566.0
2847 2 417.485448219 451.902637751 44968322.0
2848 1 167.052140138 410.670415401 40187301.0
2848 2 418.158710706 452.806891045 47833394.0
2849 1 167.729212512 412.847690014 42031751.0
2849 2 417.484802277 454.273291987 48449838.0
2850 1 164.71267505 415.167414812 43531052.0
2850 2 418.594433937 455.863453281 45447597.0
2851 1 163.96286429 414.646980963 43006942.0
2851 2 420.013783898 455.831265412 46005878.0
2852 1 165.158362889 414.133062695 43207310.0
2852 2 419.112147438 454.824773688 47933598.0
2853 1 166.892303621 413.890200601 40427677.0
2853 2 421.923299719 454.634570074 45056075.0
2854 1 167.963511923 414.33664219 41467291.0
2854 2 422.124596596 453.080544501 43735663.0
2855 1 169.660867382 414.365204544 43496901.0
2855 2 425.153931798 451.685931144 49364902.0
2856 1 170.656896196 412.468124885 41603885.0
2856 2 420.923599583 449.917193566 47106724.0
2857 1 169.915339023 411.906830536 38365475.0
2857 2 424.156888369 450.890054341 46589234.0
2858 1 425.287613903 453.459872569 45896344.0
2859 1 170.976453352 415.769416415 42664201.0
2859 2 423.313813661 455.016659031 48313361.0
2860 1 167.060546621 414.57764154 42574703.0
2860 2 420.99972831 453.401717002 44827419.0
2861 1 169.092303506 412.802544686 43359326.0
2861 2 423.885841671 453.049110468 43854301.0
2862 1 167.287980131 411.715994372 42127807.0
2862 2 422.711436484 453.221781657 43721948.0
2863 1 165.046668008 411.179679245 43646522.0
2863 2 422.464318158 452.742923733 48817523.0
2864 1 166.570645194 411.445350449 41743600.0
2864 2 420.788008159 451.172074592 47946950.0
2865 1 170.190441078 411.724581146 40394060.0
2865 2 419.914176948 451.277893016 42507586.0
2866 1 171.66385797 413.197003106 40594555.0
2866 2 423.035967775 454.857170742 48326184.0
2867 1 170.762508402 414.068479926 40050060.0
2867 2 424.766380164 452.848420235 47348042.0
2868 1 173.172945975 414.912612272 42449875.0
2868 2 428.074095496 453.90908709 46008399.0
2869 1 172.939066172 416.65285412 43302103.0
2869 2 425.333080807 455.397436312 47005363.0
2870 1 172.248551398 411.770692466 44258526.0
2870 2 421.938544277 455.262244453 45996922.0
2871 1 172.818724525 412.463585749 43023848.0
2871 2 426.302981299 454.969802 45684022.0
2872 1 173.178992831 411.553832176 44534615.0
2872 2 427.645587975 454.012373515 46518965.0
2873 1 173.613127991 411.315143682 45283954.0
2873 2 426.927507361 454.643070346 46791887.0
2874 1 173.649573299 412.034960647 42072271.0
2874 2 426.173367696 455.333064477 49362811.0
2875 1 173.332902492 412.282546893 40609633.0
2875 2 426.278524546 455.53988466 48875347.0
2876 1 173.308900036 413.785899044 42311415.0
2876 2 424.634198007 454.608037317 47075454.0
2877 1 171.779659975 413.612594197 44043400.0
2877 2 423.37627799 455.302686386 46888138.0
2878 1 170.676379923 413.571611712 40928752.0
2878 2 425.421105737 458.222033645 50284610.0
2879 1 174.400511315 414.982795662 42835846.0
2879 2 427.035137873 457.292183116 48490081.0
2880 1 172.122931127 414.912887466 41237370.0
2880 2 426.061645966 459.689239618 46794837.0
2881 1 173.459501296 413.95548641 40454935.0
2881 2 424.789620686 458.093023914 48790608.0
2882 1 170.013608622 415.179538358 41529691.0
2882 2 423.306388241 456.779304193 50375624.0
2883 1 166.853522505 415.325866045 42009664.0
2883 2 421.012606957 457.758246936 47063036.0
2884 1 167.472533348 415.461538056 45151893.0
2884 2 417.774602787 456.471221747 45330052.0
2885 1 169.776880622 416.260408113 44296078.0
2885 2 423.033629771 455.974999988 50132184.0
2886 1 169.834010324 414.733383984 45891657.0
2886 2 422.693381507 456.614328277 48890863.0
2887 1 170.020209891 416.099715571 43933800.0
2887 2 419.911367749 457.918120807 46367866.0
2888 1 168.101901166 415.768187719 43136877.0
2888 2 419.477980803 455.434087275 46986964.0
2889 1 168.146546191 415.510480376 43212716.0
2889 2 419.679669403 456.746262527 48448320.0
2890 1 169.383845349 416.662268345 44597481.0
2890 2 421.471227685 457.013235446 48945137.0
2891 1 167.806920904 414.503756631 43127879.0
2891 2 421.928653307 456.094627587 49648195.0
2892 1 170.28519222 414.231384182 42381367.0
2892 2 425.147445253 454.851327178 49425738.0
2893 1 173.093237074 414.538552779 44306595.0
2893 2 424.816799127 451.232504276 46369557.0
2894 1 170.553467443 411.643230701 44128717.0
2894 2 425.821215536 451.489103995 45925634.0
2895 1 172.221920983 409.219511494 42014222.0
2895 2 426.836683294 449.661290696 49199306.0
2896 1 172.161890711 409.003174454 42599870.0
2896 2 427.542289215 447.884426131 46337952.0
2897 1 173.856083244 406.575224212 43367437.0
2897 2 425.432944171 446.737836029 46217577.0
2898 1 171.714209731 407.267906071 43466766.0
2898 2 426.504569267 448.387207385 44841446.0
2899 1 171.195612984 411.489653776 42267513.0
2899 2 422.800715399 453.447692755 45753844.0
2900 1 174.260739484 409.012055582 42344827.0
2900 2 428.103449948 452.230037908 48065984.0
2901 1 168.742529753 408.368653048 40177469.0
2901 2 423.510014435 449.765631337 48495963.0
2902 1 168.47817646 410.490514359 41049441.0
2902 2 423.705424504 450.208162513 45781014.0
2903 1 173.551365729 413.493907109 41436065.0
2903 2 426.335607152 452.057735352 45992392.0
2904 1 173.226884519 415.671325533 42005727.0
2904 2 425.065796832 454.166663451 45460047.0
2905 1 170.583714057 415.659770831 41832465.0
2905 2 421.480766122 454.054162541 47465292.0
2906 1 170.138376917 415.013558068 42941923.0
2906 2 423.661990487 454.756507595 48773899.0
2907 1 171.207288374 412.681696486 41741952.0
2907 2 424.558374046 454.882307751 51671636.0
2908 1 170.857469616 415.929896754 39961358.0
2908 2 421.501907523 455.086747901 47950948.0
2909 1 169.013493757 417.546067356 42094126.0
2909 2 421.141006201 459.743558109 44961455.0
2910 1 167.457341453 414.410195449 41698549.0
2910 2 417.495421588 455.654349146 46218275.0
2911 1 169.531612498 414.81145453 42831796.0
2911 2 421.59048293 456.355302215 47986500.0
2912 1 167.791201875 414.343680327 44445454.0
2912 2 421.390049652 454.439416418 48092197.0
2913 1 167.926889947 414.029162011 40877848.0
2913 2 420.176778988 453.844555309 46293407.0
2914 1 165.251502099 412.688380073 44239723.0
2914 2 421.239745754 454.884691119 47216574.0
2915 1 164.900099832 413.750980137 39460803.0
2915 2 421.427603735 454.907118184 47323511.0
2916 1 169.274472939 416.473625548 44074867.0
2916 2 424.40955111 455.735320052 45394862.0
2917 1 171.745379937 418.064158497 39761909.0
2917 2 422.827678551 458.601787646 45608440.0
2918 1 168.701046714 417.688218807 42696425.0
2918 2 418.811125194 453.034524393 45816158.0
2919 1 165.396235477 415.57289083 44769535.0
2919 2 414.942103501 453.400834379 47675752.0
2920 1 165.479858449 416.699891033 42951540.0
2920 2 420.92732849 459.278293629 48018149.0
2921 1 167.960320818 416.575803095 44856576.0
2921 2 418.493093021 457.455528197 48825763.0
2922 1 166.335171393 417.9607462 42658927.0
2922 2 418.739157301 457.492081463 47484021.0
2923 1 167.043658706 418.52942006 43132379.0
2923 2 421.525755979 458.715777856 43834553.0
2924 1 167.238416441 419.017585971 40414393.0
2924 2 420.082199661 459.259633874 46172245.0
2925 1 163.844318152 420.766568002 41188834.0
2925 2 417.605272816 460.681118749 49229900.0
2926 1 164.705754694 419.560129464 42561306.0
2926 2 419.403184383 459.829181098 47671941.0
2927 1 163.932668337 417.932918653 42726169.0
2927 2 419.851432028 459.930523726 46532921.0
2928 1 166.013736236 419.176399218 40242756.0
2928 2 417.943776763 460.768073572 44670456.0
2929 1 165.041107207 418.683413429 43742563.0
2929 2 417.574599578 459.519761433 46647595.0
2930 1 164.81753929 417.470912127 44322589.0
2930 2 418.264276772 457.77972145 49015809.0
2931 1 163.962434554 416.444899157 42703032.0
2931 2 418.129281779 457.907499927 49439530.0
2932 1 162.95908418 415.707846236 41686937.0
2932 2 414.385632234 456.118021012 47309551.0
2933 1 160.418307882 413.862374278 42996673.0
2933 2 413.004434928 454.356237025 48148032.0
2934 1 162.251507213 414.551906272 41301554.0
2934 2 414.469928383 455.33878864 46383670.0
2935 1 161.920794759 415.176366286 42741101.0
2935 2 415.290321144 454.898024109 47141889.0
2936 1 161.263827129 414.798574392 42528158.0
2936 2 414.961787398 453.573431853 47867776.0
2937 1 161.116152827 414.842237143 41404592.0
2937 2 412.671413731 453.343965192 47683491.0
2938 1 159.218080102 412.522479856 45845254.0
2938 2 410.964324689 452.337042163 45391733.0
2939 1 161.154026035 411.774647893 43856050.0
2939 2 414.916982872 451.453104238 46830570.0
2940 1 162.307574585 410.766597127 43242692.0
2940 2 415.873929485 454.641496995 47539335.0
2941 1 163.838504922 413.962473732 42302537.0
2941 2 417.471994554 453.523843566 50046483.0
2942 1 166.421180315 414.503975706 41445689.0
2942 2 417.2546542 452.417883243 50645434.0
2943 1 165.57104707 414.477695699 43267174.0
2943 2 415.624294284 453.592710528 46258196.0
2944 1 158.952063392 413.38759169 43674224.0
2944 2 410.99461704 453.627352771 47345891.0
2945 1 159.022128906 413.43882097 41235379.0
2945 2 411.837016056 454.539434543 46603716.0
2946 1 160.765955188 416.893533269 42132804.0
2946 2 413.587342885 455.496501505 46375987.0
2947 1 164.65655968 420.72490593 44157381.0
2947 2 413.256022421 459.512781372 48301623.0
2948 1 159.791352881 421.430042034 43280311.0
2948 2 414.172348145 460.988487183 46195285.0
2949 1 159.914660198 420.10058373 44354897.0
2949 2 414.368904931 462.998859594 45439571.0
2950 1 162.984039782 420.166505205 43988978.0
2950 2 414.908218647 462.924544084 48642613.0
2951 1 163.447238212 418.432155545 42491814.0
2951 2 417.752383123 459.995788849 48480978.0
2952 1 167.617981369 419.412931673 42639115.0
2952 2 418.63177358 459.750535774 46570692.0
2953 1 163.71942511 418.739065775 43042596.0
2953 2 415.930879619 457.261520592 44216604.0
2954 1 164.316817503 416.682339054 42166918.0
2954 2 417.810393438 459.460407486 44489782.0
2955 1 164.839817864 415.100186001 41679087.0
2955 2 417.294565388 460.86525703 49628021.0
2956 1 163.877533268 418.532353099 42168757.0
2956 2 415.99649248 460.156471307 46607947.0
2957 1 163.830009272 419.670993364 42947169.0
2957 2 415.914000419 460.157204377 45727146.0
2958 1 163.985846887 420.306519558 45872584.0
2958 2 416.723975138 461.620210812 47584281.0
2959 1 162.010483787 420.340539676 43406380.0
2959 2 415.340079898 462.70782249 46995786.0
2960 1 163.390431626 420.581729419 39400375.0
2960 2 415.98252822 464.309486786 44442898.0
2961 1 165.260578 422.72695708 42173082.0
2961 2 415.538526188 464.205339753 48420505.0
2962 1 164.806391143 422.595391577 44251558.0
2962 2 415.726885144 463.461273331 45826200.0
2963 1 163.76783013 421.362992381 44234689.0
2963 2 416.471590078 462.63911158 49637674.0
2964 1 166.683613579 423.980493824 42599572.0
2964 2 417.554811313 463.433064863 48532543.0
2965 1 167.560470987 422.673110539 44225480.0
2965 2 417.973764367 463.885589922 47394450.0
2966 1 165.841448488 422.271023684 45692350.0
2966 2 418.539272879 462.720331202 47350705.0
2967 1 165.043230342 421.178565774 42592007.0
2967 2 418.764136695 464.235936175 47541079.0
2968 1 166.072860286 421.190533762 44104911.0
2968 2 420.592126377 462.288397584 47822710.0
2969 1 167.666809291 420.421482362 44604375.0
2969 2 418.915532041 463.397084226 49457621.0
2970 1 166.416978872 419.26181883 42084036.0
2970 2 419.032017311 461.956048022 51637586.0
2971 1 162.399026384 417.963936588 45224019.0
2971 2 416.863609397 460.109933743 49742053.0
2972 1 163.94448155 418.186988003 40922825.0
2972 2 415.927576211 459.181648663 51133234.0
2973 1 165.625038707 418.838731235 43536627.0
2973 2 418.233215951 458.328572756 48450172.0
2974 1 166.710095538 419.680811595 44356066.0
2974 2 418.0068238 458.751173995 46721820.0
2975 1 166.66744646 417.152624878 42780962.0
2975 2 419.493024543 458.186654713 49129906.0
2976 1 167.147681583 417.081548568 44193476.0
2976 2 421.467946997 458.819445637 46641776.0
2977 1 166.956526041 418.372442075 42069294.0
2977 2 419.368933378 460.12734829 45292237.0
2978 1 166.739722007 420.394078165 41030353.0
2978 2 417.035966294 463.647829099 47486180.0
2979 1 167.78292285 419.348397808 40583499.0
2979 2 417.148429515 462.528372323 47680942.0
2980 1 166.072341869 420.759410076 41379578.0
2980 2 418.401857009 463.839526912 47272181.0
2981 1 164.414236342 421.301231227 41685242.0
2981 2 414.657037163 461.715823788 50029109.0
2982 1 164.275954146 421.324637489 43432103.0
2982 2 416.003442799 461.89440298 48648557.0
2983 1 164.713422143 420.78729521 42874307.0
2983 2 415.630801181 461.408072902 47683539.0
2984 1 162.906277584 421.213667752 44008999.0
2984 2 416.482101898 462.690632236 51506263.0
2985 1 163.38207705 420.796274959 43930658.0
2985 2 411.781137232 463.369592211 47717232.0
2986 1 163.317612932 419.217074358 48478157.0
2986 2 412.011454117 461.732115324 50756185.0
2987 1 165.048765249 417.131815173 42420600.0
2987 2 413.583182941 459.453540842 47166898.0
2988 1 164.854566047 417.107533683 41465174.0
2988 2 414.923971895 457.766950493 48000666.0
2989 1 163.683644454 418.190260681 44611174.0
2989 2 415.95348862 459.479017808 47352166.0
2990 1 164.058334344 416.7127868 43635281.0
2990 2 416.67777485 457.245341897 48318594.0
2991 1 163.939284425 417.532804892 42344846.0
2991 2 416.684126318 458.15253671 47096128.0
2992 1 163.10828686 418.596467807 41837164.0
2992 2 414.150243036 460.023512033 45683900.0
2993 1 163.241530469 418.959417597 42283317.0
2993 2 413.490626313 460.842404695 46235790.0
2994 1 161.696182825 421.308487006 44224316.0
2994 2 412.692742832 459.930577999 49430480.0
2995 1 163.543330505 420.964885311 44798895.0
2995 2 413.422093779 460.438012394 47532284.0
2996 1 163.84339176 418.63307649 43742029.0
2996 2 414.101885038 459.506082596 47213962.0
2997 1 161.768883337 418.160375921 45908632.0
2997 2 413.511629279 459.017648382 46587105.0
2998 1 158.8232332 417.815885629 42470465.0
2998 2 412.084099504 460.449225102 48455139.0
2999 1 158.097688788 418.80200401 47934922.0
2999 2 411.043427467 458.675302602 50538511.0
3000 1 157.20562542 416.437255163 47022533.0
3000 2 410.566348186 456.58961202 49411328.0
3001 1 155.230987382 413.333035734 42804194.0
3001 2 409.562719554 455.966208625 48251442.0
3002 1 154.067319326 414.141737177 45743335.0
