data/ser/2021-06-07/03_34_00_pipp/step-1_fwhm-22.0-factor-60.0_radius-22.0.aperture_sum.ecsv
# %ECSV 0.9
# ---
# datatype:
# - {name: frame_id, datatype: int32}
# - {name: id, datatype: int32}
# - {name: xcenter, unit: pix, datatype: float64}
# - {name: ycenter, unit: pix, datatype: float64}
# - {name: aperture_sum, datatype: float64}
# meta: !!omap
# - {name: Aperture photometry results}
# - {version: 'astropy: 4.2, photutils: 1.0.1'}
# - {aperture_photometry_args: 'method=''center'', subpixels=5'}
# - {radius: 22.0}
# - __serialized_columns__:
#     xcenter:
#       __class__: astropy.units.quantity.Quantity
#       unit: &id001 !astropy.units.Unit {unit: pix}
#       value: !astropy.table.SerializedColumn {name: xcenter}
#     ycenter:
#       __class__: astropy.units.quantity.Quantity
#       unit: *id001
#       value: !astropy.table.SerializedColumn {name: ycenter}
# schema: astropy-2.0
frame_id id xcenter ycenter aperture_sum
[from data line 2846]
1422 1 191.059806062 316.114271651 13437237.0
1422 2 454.811522087 358.725298955 19116949.0
1423 1 192.326180764 315.435697338 12960615.0
1423 2 456.406125726 357.938532159 20128345.0
1424 1 190.148844242 317.470334682 12412831.0
1424 2 455.921846893 357.010669378 19038627.0
1425 1 191.638613269 320.229205463 11818881.0
1425 2 453.641188464 356.951600357 19248873.0
1426 1 190.098586618 318.408238003 12702355.0
1426 2 450.990066812 359.406228338 15931219.0
1427 1 187.053384954 318.480490821 11462345.0
1427 2 448.636675136 359.788839702 15930656.0
1428 1 187.214022933 317.889644319 11708351.0
1428 2 449.289514531 361.646208397 15396602.0
1429 1 188.333288832 319.586414901 10263994.0
1429 2 448.28155715 363.078350578 19086570.0
1430 1 188.029603485 319.91899549 11675726.0
1430 2 447.192894173 363.035461607 16491226.0
1431 1 187.147753835 318.600501029 10736541.0
1431 2 448.106777991 362.038496332 16383744.0
1432 1 187.635424291 316.999055593 12648538.0
1432 2 448.504063039 360.696774548 16148953.0
1433 1 185.274372251 317.717295522 11543880.0
1433 2 448.308215266 361.490935595 16780242.0
1434 1 182.655524268 317.200493786 10561130.0
1434 2 443.712458171 359.930790501 18776245.0
1435 1 182.922634051 318.060181771 12192174.0
1435 2 444.688910117 360.668125234 16600503.0
1436 1 181.919180181 318.278350365 12761841.0
1436 2 444.041098597 360.451589364 17143223.0
1437 1 183.369039321 318.080157028 11219954.0
1437 2 445.627190814 361.584552955 15771288.0
1438 1 182.083726497 317.586055933 12517313.0
1438 2 445.58189929 361.410086584 15484642.0
1439 1 183.24470467 317.311074289 13332878.0
1439 2 446.174101884 361.332093531 16021828.0
1440 1 183.260929317 315.466706487 13448064.0
1440 2 445.63875678 360.845501989 18461214.0
1441 1 183.906863647 317.732663444 12255131.0
1441 2 445.898710504 360.135653514 17820546.0
1442 1 186.164416526 315.592543521 14205569.0
1442 2 448.57054803 360.476719441 14633695.0
1443 1 186.125631468 314.85077173 9841810.0
1443 2 447.19533105 361.024361882 17679442.0
1444 1 182.250519147 316.65663017 11803047.0
1444 2 447.31338254 359.868723708 20385185.0
1445 1 181.69429171 316.50725073 13322867.0
1445 2 444.868426547 360.197221545 17574449.0
1446 1 184.606628592 317.782810988 13373503.0
1446 2 446.182507962 360.466582323 18231770.0
1447 1 187.807699831 318.643069375 12544320.0
1447 2 448.890541745 362.429169113 18058364.0
1448 1 188.299515173 321.18906519 11550555.0
1448 2 450.30031993 362.791837948 17078265.0
1449 1 188.629786944 320.300242928 13602231.0
1449 2 453.086014559 361.30042357 16519415.0
1450 1 189.315517256 320.273527274 14343169.0
1450 2 449.687043782 360.72854097 17153492.0
1451 1 187.013924055 317.08792838 13460540.0
1451 2 450.345575123 360.895984947 16995151.0
1452 1 187.555919385 317.389620919 10601442.0
1452 2 451.794110375 361.126730972 16129810.0
1453 1 188.769706217 319.037419965 10606713.0
1453 2 452.318196273 363.164330681 17110328.0
1454 1 186.671445923 317.864490423 11808673.0
1454 2 452.662509021 363.518269191 19102569.0
1455 1 186.219190004 318.004920954 13021537.0
1455 2 451.224984499 363.82228068 20740009.0
1456 1 186.915561964 318.907287147 12744312.0
1456 2 453.764035537 363.501120429 17502680.0
1457 1 187.206260332 319.205422984 11082577.0
1457 2 451.652532546 363.856932332 14919464.0
1458 1 188.258036489 320.974632065 13456245.0
1458 2 453.42053588 364.485748829 15219412.0
1459 1 190.852913578 320.909749341 11207191.0
1459 2 453.024748406 363.478617164 17751352.0
1460 1 190.979851387 322.074815794 11664833.0
1460 2 452.003788508 362.550908257 15631593.0
1461 1 189.324424087 322.928395812 13371401.0
1461 2 454.150435353 363.993398551 16147975.0
1462 1 189.526756763 319.126871973 13542969.0
1462 2 453.968960461 363.8343567 18656096.0
1463 1 188.698884202 319.896760571 12033379.0
1463 2 450.92697673 362.508825489 16493328.0
1464 1 190.361277383 320.706464677 9952836.0
1464 2 451.195043499 362.224450043 18902746.0
1465 1 188.05827684 319.783522727 13236379.0
1465 2 452.113701939 361.399050251 18845910.0
1466 1 188.648386673 318.722315805 12983531.0
1466 2 453.177238167 362.859268565 16310432.0
1467 1 188.406058172 319.856914307 11280401.0
1467 2 452.419613154 362.839439848 18843048.0
1468 1 189.446031115 321.250091258 12255540.0
1468 2 452.783969391 365.1072668 14053370.0
1469 1 189.074487074 324.060141596 10453222.0
1469 2 451.23879168 365.216001152 18109948.0
1470 1 190.044407563 320.891941785 13836019.0
1470 2 452.55329652 362.888428555 19791477.0
1471 1 190.415318384 319.221989293 13465390.0
1471 2 453.587472003 363.386197198 19105244.0
1472 1 191.821030546 317.354193322 12987402.0
1472 2 454.068065169 362.574997845 18792486.0
1473 1 190.528509124 318.886724546 9843093.0
1473 2 453.474506095 360.017861908 18819859.0
1474 1 194.416699914 320.754270412 12281476.0
1474 2 456.758918264 363.121695702 16907156.0
1475 1 192.135393769 322.570998974 11339533.0
1475 2 455.953116572 364.369758319 18904082.0
1476 1 193.435381419 323.794096896 11153527.0
1476 2 458.090995769 365.858033139 17482546.0
1477 1 194.245144873 323.946450957 10613029.0
1477 2 455.107076404 366.010849028 17291819.0
1478 1 190.29636021 323.217063637 11836242.0
1478 2 453.476731536 365.283098024 15899394.0
1479 1 190.118931211 321.999690022 12165660.0
1479 2 454.792443605 367.311929242 18377654.0
1480 1 191.347649919 323.326036454 11432694.0
1480 2 453.434774249 365.072495972 18419753.0
1481 1 189.844356339 323.088143814 11446004.0
1481 2 452.657919016 364.509546259 16140054.0
1482 1 188.539130111 323.668932895 12966823.0
1482 2 450.938466507 364.667603671 18490474.0
1483 1 185.689887793 321.065837987 11861459.0
1483 2 452.789855826 362.685614427 21541838.0
1484 1 188.207893208 319.703266676 11156304.0
1484 2 450.878780048 363.035078881 15443066.0
1485 1 188.921492724 319.510697249 12450581.0
1486 1 189.748913502 321.439241859 13196442.0
1486 2 452.554363785 363.358721546 18565243.0
1487 1 190.73875494 319.975552858 11800424.0
1487 2 452.254570096 361.414821762 18025557.0
1488 1 188.550571281 318.189609572 12585144.0
1488 2 451.926587012 362.04269073 17529587.0
1489 1 186.75196937 318.690834719 11406305.0
1489 2 449.903106186 359.87812505 18834043.0
1490 1 187.11299308 318.064885099 12094378.0
1490 2 450.828444416 362.494468399 18376975.0
1491 1 187.334309956 317.638965523 11086243.0
1491 2 449.332072565 359.8662246 17296642.0
1492 1 186.555875526 317.682179527 12316126.0
1492 2 448.370405132 358.868535285 19319006.0
1493 1 183.72408341 318.443768189 12446718.0
1493 2 445.421373239 358.962424654 17333627.0
1494 1 183.297554182 317.618873482 12303811.0
1494 2 444.880731101 358.074173162 15425849.0
1495 1 182.118737267 316.659441854 10784089.0
1495 2 444.78559083 358.738605243 15325720.0
1496 1 180.384136945 318.317743752 13211976.0
1496 2 442.749420624 357.876854158 15759997.0
1497 1 180.321708198 316.385751812 14162326.0
1497 2 439.809377183 358.194470991 16180913.0
1498 1 183.300377897 315.474564591 13428931.0
1498 2 446.306662069 356.308289618 17377792.0
1499 1 183.86113007 314.082028114 12941902.0
1499 2 444.285542081 358.083010472 15287750.0
1500 1 180.836793285 310.453629417 12345859.0
1500 2 444.05845004 357.491378446 12586087.0
1501 1 179.601200572 311.806763898 9870016.0
1501 2 442.933774304 356.654812917 16691865.0
1502 1 179.460473185 311.480383346 13475040.0
1502 2 442.03165767 355.309183544 16410481.0
1503 1 179.054348976 309.445732698 11686705.0
1503 2 443.291861317 355.648746808 18076951.0
1504 1 176.294521697 313.373205537 10996434.0
1504 2 441.892422539 358.644080001 16200132.0
1505 1 176.894340282 315.907327632 12065789.0
1505 2 440.613192534 359.423654504 17982449.0
1506 1 175.542099775 316.587605537 11604767.0
1506 2 441.39034182 361.257945042 17608905.0
1507 1 174.456014784 316.820631347 13034452.0
1507 2 441.489696854 361.122264415 16594214.0
1508 1 176.538437256 314.069469361 11867419.0
1508 2 444.297395714 358.071259317 20121052.0
1509 1 176.777001381 314.438231984 10741622.0
1509 2 443.112213454 355.97299049 16729996.0
1510 1 175.403624858 313.464863473 11408269.0
1510 2 439.974951382 354.963721562 16210565.0
1511 1 174.070546017 312.951888543 11247500.0
1511 2 438.325385845 354.076081089 18405030.0
1512 1 172.124095418 311.53280203 12166066.0
1512 2 435.533149922 354.502801911 16214573.0
1513 1 172.23923147 310.335661373 12123408.0
1513 2 436.760731301 353.276205139 19585540.0
1514 1 173.31580475 312.2453335 12451115.0
1514 2 436.568249885 353.474101356 19384611.0
1515 1 171.507876177 311.924278056 11697493.0
1515 2 437.364115062 354.014426782 19104035.0
1516 1 170.91170412 311.182747019 11142188.0
1516 2 436.724833058 352.808563382 15579315.0
1517 1 171.721604351 311.275339688 11110165.0
1517 2 433.948956625 351.002466803 17480694.0
1518 1 171.442990405 309.91157651 11829937.0
1518 2 431.718970302 350.653337884 17652088.0
1519 1 168.717876901 307.258306238 13064020.0
1519 2 431.06727421 349.55661068 19674165.0
1520 1 166.596498546 308.56116106 10952579.0
1520 2 432.910542198 348.6482105 19187796.0
1521 1 167.830424162 307.758518514 12229277.0
1521 2 430.909269762 350.14506872 20245505.0
1522 1 165.302218011 308.152060335 11606101.0
1522 2 430.207012068 349.116984584 14529320.0
1523 1 164.6569693 309.207972475 11111450.0
1523 2 428.545662369 350.474163991 16279103.0
1524 1 164.451770434 307.822943318 12571744.0
1524 2 427.238282067 347.256867997 16216743.0
1525 1 163.56909755 306.21603114 11100345.0
1525 2 426.031611303 347.224849358 15214944.0
1526 1 164.52092673 305.064469691 11378970.0
1526 2 424.287839189 346.267006016 13620921.0
1527 1 162.222175229 304.897454714 11691950.0
1527 2 424.35866577 347.340228864 15862712.0
1528 1 163.753470214 306.519539193 10060563.0
1528 2 425.158528152 349.251398903 17385374.0
1529 1 163.100395115 303.860036066 11533307.0
1529 2 426.664728977 348.776376999 18210071.0
1530 1 165.107872961 303.565261218 12460809.0
1530 2 425.84560135 346.93862019 18803570.0
1531 1 164.523028621 302.864017981 10465121.0
1531 2 425.971788553 344.634772864 16318407.0
1532 1 166.068487294 303.760556623 10555799.0
1532 2 426.303189053 346.434455624 16308380.0
1533 1 163.514933875 304.902525252 12705946.0
1533 2 425.022860142 347.715605895 16991808.0
1534 1 163.544353149 305.820975148 12089837.0
1534 2 424.85388829 345.246739592 16857082.0
1535 1 161.817817922 304.678090169 12150252.0
1535 2 424.667024644 343.85172959 15363374.0
1536 1 163.067588755 305.349998063 12373370.0
1536 2 425.257000787 344.364425282 16920967.0
1537 1 162.105103407 306.399019822 12314999.0
1537 2 425.923475049 344.540193845 15920456.0
1538 1 161.57741325 304.523706122 11507054.0
1538 2 428.198305085 348.746261745 18541288.0
1539 1 160.614837365 304.78209883 12355497.0
1539 2 425.211726141 348.801945026 15499939.0
1540 1 160.777855505 305.540579213 9943881.0
1540 2 424.054725584 349.354764666 14441637.0
1541 1 161.993803073 306.139952984 12104707.0
1541 2 424.466430442 348.972674955 17407010.0
1542 1 160.465832903 306.137681484 11369935.0
1542 2 423.902550583 350.591382271 17799280.0
1543 1 159.956532204 305.394984692 12821752.0
1543 2 422.914608466 348.823899323 16887563.0
1544 1 158.580377513 306.80324383 12687024.0
1544 2 421.435926965 349.565322278 14231689.0
1545 1 157.20558588 307.453355169 12327694.0
1545 2 419.936896509 350.15394654 17908910.0
1546 1 157.497749626 307.870083947 12135965.0
1546 2 419.925966227 349.60109118 16218744.0
1547 1 159.941818909 306.596526729 13175103.0
1547 2 420.465540544 351.30431989 18829892.0
1548 1 159.678337663 307.587480326 11682478.0
1548 2 420.610956623 350.838592548 16088291.0
1549 1 159.331661842 307.901303891 12306429.0
1549 2 422.096709439 351.301305084 19353035.0
1550 1 159.582157767 309.133930427 14554014.0
1550 2 421.007406856 350.521884966 14254901.0
1551 1 159.28386564 307.171485126 13099429.0
1551 2 423.537554172 350.357914039 15352153.0
1552 1 160.321752412 306.666832506 11670259.0
1552 2 424.110186981 351.039396315 18750070.0
1553 1 160.749222242 305.869456725 11534736.0
1553 2 423.295105048 350.783431629 18358465.0
1554 1 161.280439043 305.091172762 11788979.0
1554 2 424.992813957 349.076109911 17799731.0
1555 1 160.401652306 305.965712415 12493316.0
1555 2 423.600415135 348.158767886 17006879.0
1556 1 157.732742054 303.377211372 11930942.0
1556 2 423.276411406 346.066079493 17686772.0
1557 1 158.23601719 302.829430135 11898870.0
1557 2 422.172229585 345.104963503 19770394.0
1558 1 160.694708446 302.381168739 13213976.0
1558 2 420.203084398 344.924359556 18317254.0
1559 1 160.571039411 301.924316326 13611147.0
1559 2 419.898549753 345.28852992 14889891.0
1560 1 159.741069998 301.15378373 12922549.0
1560 2 421.713463696 346.333567081 16647488.0
1561 1 159.167149577 299.307691452 11650706.0
1561 2 421.195044058 345.741506661 18459684.0
1562 1 160.194081032 299.383508757 12721713.0
1562 2 422.551004401 342.875081982 19559284.0
1563 1 161.747930861 300.969394213 11522037.0
1563 2 423.500641863 344.322866326 18522611.0
1564 1 162.94726997 302.854093642 11928768.0
1564 2 424.541606243 344.143165466 17950574.0
1565 1 162.41913917 302.39100025 12803455.0
1565 2 426.610977881 345.1523603 15349922.0
1566 1 163.23700824 302.69903046 13172824.0
1566 2 426.349511581 346.872245332 17770304.0
1567 1 164.480667452 305.027332376 11492113.0
1567 2 426.072724963 347.780776674 17411343.0
1568 1 164.335107756 306.312950256 12631734.0
1568 2 426.953085826 348.069641511 16971112.0
1569 1 164.124808398 305.745165612 11808857.0
1569 2 427.488405624 346.313213931 17244338.0
1570 1 163.54392978 305.243564202 12652568.0
1570 2 426.750695366 346.823946677 16516637.0
1571 1 163.546403381 305.02689357 13243181.0
1571 2 425.533557524 344.953123171 18602256.0
1572 1 162.536168417 302.858624129 11646348.0
1572 2 424.590572463 345.311228133 17009006.0
1573 1 162.190792448 304.399820204 11533638.0
1573 2 424.616377712 346.636013255 17761948.0
1574 1 162.652484254 305.036932709 11614285.0
1574 2 424.729551781 346.488294298 18323268.0
1575 1 163.971805929 305.897187926 12435383.0
1575 2 426.388770228 346.930152434 16785792.0
1576 1 164.616510743 307.227073911 11069059.0
1576 2 426.257059434 345.628009713 18609709.0
1577 1 166.590535469 306.957425318 10809764.0
1577 2 428.614867494 347.634873807 14373124.0
1578 1 168.318982532 307.823379951 12979755.0
1578 2 430.194071555 347.962732294 15447932.0
1579 1 167.758179623 304.139077882 16016863.0
1579 2 430.657891332 347.276591034 19042874.0
1580 1 167.174973474 303.844671516 13732131.0
1580 2 429.737822646 346.226449277 19004027.0
1581 1 169.765538229 306.041492235 12670390.0
1581 2 432.645783565 347.735083019 15720546.0
1582 1 170.153300651 306.953685228 13053178.0
1582 2 431.90636818 349.614951278 18790516.0
1583 1 170.109899402 308.771677527 10144385.0
1583 2 430.968884313 349.897049048 16484051.0
1584 1 169.772211253 309.478616705 12197705.0
1584 2 431.544995347 351.670152484 15802239.0
1585 1 168.019599413 310.506793215 12088750.0
1585 2 431.048150362 353.599057014 14967498.0
1586 1 168.896314603 310.647317024 13065970.0
1586 2 431.988245532 352.392696538 16407446.0
1587 1 169.618360933 308.907282094 11911481.0
1587 2 431.825903771 351.865726465 17679240.0
1588 1 169.744497126 310.144324385 12804406.0
1588 2 433.130423897 352.197853472 18581874.0
1589 1 169.394020996 311.471356556 11646075.0
1589 2 431.976591177 351.378869462 15554699.0
1590 1 170.394407618 310.438330605 14086473.0
1590 2 433.27795394 350.412630864 17288474.0
1591 1 171.003770962 309.040174657 14173697.0
1591 2 433.171188322 351.637242122 17291947.0
1592 1 170.378994849 310.16065619 14136804.0
1592 2 432.553001448 350.731299359 18120758.0
1593 1 170.917944152 307.56809083 12135366.0
1593 2 432.88715339 348.179048735 18100060.0
1594 1 171.733679465 306.687117455 12643532.0
1594 2 433.583867869 346.843016032 15069107.0
1595 1 173.152707724 305.560146546 11127673.0
1595 2 436.100492621 349.650757038 17120580.0
1596 1 172.935204868 306.17939353 14163391.0
