data/ser/2021-06-07/03_34_00_pipp/step-1_fwhm-22.0-factor-60.0_radius-22.0.aperture_sum.ecsv
# %ECSV 0.9
# ---
# datatype:
# - {name: frame_id, datatype: int32}
# - {name: id, datatype: int32}
# - {name: xcenter, unit: pix, datatype: float64}
# - {name: ycenter, unit: pix, datatype: float64}
# - {name: aperture_sum, datatype: float64}
# meta: !!omap
# - {name: Aperture photometry results}
# - {version: 'astropy: 4.2, photutils: 1.0.1'}
# - {aperture_photometry_args: 'method=''center'', subpixels=5'}
# - {radius: 22.0}
# - __serialized_columns__:
#     xcenter:
#       __class__: astropy.units.quantity.Quantity
#       unit: &id001 !astropy.units.Unit {unit: pix}
#       value: !astropy.table.SerializedColumn {name: xcenter}
#     ycenter:
#       __class__: astropy.units.quantity.Quantity
#       unit: *id001
#       value: !astropy.table.SerializedColumn {name: ycenter}
# schema: astropy-2.0
frame_id id xcenter ycenter aperture_sum
[from data line 4943]
2471 2 445.196479088 439.515164557 17760517.0
2472 1 189.559419158 396.109037847 14349292.0
2472 2 447.121092036 440.030908483 17265567.0
2473 1 188.326457507 396.456320068 14346509.0
2473 2 446.127862387 439.232681989 15231142.0
2474 1 187.722515352 395.91629399 14767509.0
2474 2 444.671012496 440.17822163 16986254.0
2475 1 187.56736037 393.349632878 14803180.0
2475 2 444.523812899 438.186263013 18682361.0
2476 1 188.232710768 392.389906089 14900628.0
2476 2 445.850249319 436.664114053 18983212.0
2477 1 187.789880483 390.989099699 13315173.0
2477 2 446.446294833 434.138620252 21242529.0
2478 1 187.520095569 391.205729081 13499110.0
2478 2 445.976814012 432.588368455 19267389.0
2479 1 187.711603399 390.771908302 14483488.0
2479 2 445.444574435 431.004893294 16466089.0
2480 1 189.702976111 390.36669414 12577757.0
2480 2 445.501385459 430.820490488 17979873.0
2481 1 187.843483466 389.807313785 12867762.0
2481 2 444.011071371 431.001139403 18490315.0
2482 1 188.252514047 391.347661418 13410905.0
2482 2 444.445028391 431.339870668 19556539.0
2483 1 186.900543054 392.34778474 12789796.0
2483 2 444.461749068 430.805954642 18916122.0
2484 1 187.117001397 392.673138567 14285826.0
2484 2 444.039439493 431.296711449 18407812.0
2485 1 187.775386105 392.539271681 15631390.0
2485 2 444.550653545 433.328129953 18269479.0
2486 1 189.480495714 394.13029839 15376000.0
2486 2 444.146242028 434.669819032 18337059.0
2487 1 186.985600231 393.520553809 12759619.0
2487 2 443.045055252 434.749271363 16676704.0
2488 1 185.729371698 394.496582262 14870738.0
2488 2 443.723463901 436.589400665 16444003.0
2489 1 188.239105451 395.40518085 16101862.0
2489 2 442.581382538 437.526625456 17628440.0
2490 1 191.629143448 396.40972846 14127979.0
2490 2 444.708650253 439.074755698 16754687.0
2491 1 193.261439528 395.93548689 13527123.0
2491 2 446.768470682 440.342320735 17780661.0
2492 1 190.043369519 393.820026282 12743155.0
2492 2 444.876302251 436.879018662 18614947.0
2493 1 190.075465188 391.221788143 12491796.0
2493 2 446.748111496 433.983544287 17342067.0
2494 1 187.71538425 388.388871825 12106633.0
2494 2 442.212513903 431.381603478 14581850.0
2495 1 187.835315494 392.384297021 13499997.0
2495 2 442.993629295 435.853660595 15362441.0
2496 1 186.808813549 394.319474116 13397523.0
2496 2 443.072889017 437.263911148 17858622.0
2497 1 189.443078945 396.105723556 13282357.0
2497 2 447.602915705 439.290060072 17841865.0
2498 1 187.674586509 395.263209528 14546526.0
2498 2 446.290471944 438.314340744 20437029.0
2499 1 188.706460039 397.85408102 15763562.0
2499 2 446.340719846 439.245650017 17873202.0
2500 1 190.453548261 399.669822633 15538657.0
2500 2 445.003739752 439.725137616 18734718.0
2501 1 192.98368213 401.531244153 14485031.0
2501 2 449.569301838 441.506157074 18837062.0
2502 1 194.38976218 401.755703763 13770149.0
2502 2 449.526723287 440.592276432 16813419.0
2503 1 195.521673964 399.84487875 14856651.0
2503 2 449.903023121 440.494160414 16823352.0
2504 1 197.543332859 398.828501838 14505088.0
2504 2 451.521532551 439.215066455 19179300.0
2505 1 198.169806418 400.211014643 13279660.0
2505 2 455.551408816 440.566715744 17970812.0
2506 1 197.533936633 400.944219207 12804873.0
2506 2 456.81831032 443.563098908 18582449.0
2507 1 201.06586538 403.619845545 12705432.0
2507 2 459.160781791 444.374595631 19194882.0
2508 1 200.045910297 402.432458666 13215222.0
2508 2 457.337881864 445.25611238 17418176.0
2509 1 200.172115544 401.956666067 13193238.0
2509 2 457.386038597 445.074293181 18008050.0
2510 1 199.856245835 402.114890343 13564476.0
2510 2 457.090231833 443.34704903 18813705.0
2511 1 199.679785323 402.450109381 14964043.0
2511 2 455.162332614 442.762063396 19675692.0
2512 1 197.192054192 402.243500324 15102409.0
2512 2 454.166486528 443.206361331 19513610.0
2513 1 197.257744663 401.856222826 12324801.0
2513 2 453.28262366 442.142927946 17318153.0
2514 1 197.801127691 400.90038843 13642972.0
2514 2 453.515162204 440.639577767 17779593.0
2515 1 197.919422175 401.458135903 15644392.0
2515 2 451.022500299 441.827412268 17393592.0
2516 1 195.729924142 401.35579081 14113906.0
2516 2 450.31816364 440.626432258 19281164.0
2517 1 193.70706724 400.520101022 13833051.0
2517 2 449.247134393 439.228364653 21304746.0
2518 1 191.435551439 399.163332921 12093113.0
2518 2 448.471632538 438.21048427 14871746.0
2519 1 193.530740223 398.552118502 16383178.0
2519 2 451.233828693 440.288849965 19945469.0
2520 1 194.101703569 399.78563793 13383694.0
2520 2 451.877408816 441.94639261 16692802.0
2521 1 196.4863113 400.518118518 16259520.0
2521 2 451.837448866 442.326178825 18121180.0
2522 1 193.076562381 401.139595971 14861984.0
2522 2 451.990268886 441.193299805 21725335.0
2523 1 194.355729204 399.520632957 14790202.0
2523 2 450.274237431 439.37109272 18564096.0
2524 1 193.36405607 397.905406786 12604018.0
2524 2 448.346537854 437.379767082 18969919.0
2525 1 193.151161804 398.196388286 16484422.0
2525 2 448.378324106 436.202253698 15412898.0
2526 1 193.742787536 397.266884497 14280024.0
2526 2 448.456986384 436.044082167 17734177.0
2527 1 195.350624047 398.727047499 13097855.0
2527 2 447.7067775 437.813474669 14554882.0
2528 1 192.020952773 395.600740421 14587957.0
2528 2 447.179499815 437.32219838 14718193.0
2529 1 192.511937598 393.155194704 13197386.0
2529 2 447.471428227 434.732724734 19176043.0
2530 1 192.191811019 391.935956151 11417289.0
2530 2 445.972986795 432.33302713 18266504.0
2531 1 446.610921358 430.928617092 16698216.0
2532 1 194.793985495 390.761018842 13912358.0
2532 2 449.611505432 432.387321783 19064601.0
2533 1 196.211017492 391.851640974 14625273.0
2533 2 448.769118616 435.026568281 18263008.0
2534 1 195.509141227 393.758429177 13409242.0
2534 2 450.187146895 438.532779341 19954904.0
2535 1 193.795639955 394.748925988 12584056.0
2535 2 448.843191264 438.610974169 17819475.0
2536 1 191.397947856 395.187453881 13662735.0
2536 2 446.638350457 438.893212277 15815397.0
2537 1 191.167150458 396.352780015 12078055.0
2537 2 447.241393176 439.922486023 18581056.0
2538 1 191.46200286 396.979069103 13815199.0
2538 2 446.394547165 438.140425831 19221560.0
2539 1 192.39520975 397.126703617 14931441.0
2539 2 446.174186874 437.860103228 17077674.0
2540 1 191.394859789 394.884363616 13431909.0
2540 2 446.317587482 437.806573988 18731484.0
2541 1 188.50611003 396.063870114 13767094.0
2541 2 445.500459013 436.745098543 18210258.0
2542 1 186.570349888 397.394339202 14237161.0
2542 2 442.733776841 438.122151165 20328781.0
2543 1 184.806968965 397.353831283 14323113.0
2543 2 442.009102232 437.923891849 16801042.0
2544 1 183.613221355 396.094109707 12293486.0
2544 2 442.592549435 437.605829394 17771286.0
2545 1 441.257834214 436.945023736 17092464.0
2546 1 186.025273079 395.780909684 13870814.0
2546 2 439.627280507 435.559598848 18033603.0
2547 1 182.29492649 391.718338481 14805979.0
2547 2 438.322319935 434.655663538 16539785.0
2548 1 186.523171273 396.272713585 13480718.0
2548 2 439.806202959 437.141640688 18681594.0
2549 1 184.354101718 395.552737614 14497280.0
2549 2 438.82930234 437.939696437 17602903.0
2550 1 183.994788178 396.48552839 15947587.0
2550 2 439.095817283 438.296191836 17207380.0
2551 1 183.445358482 396.584918668 14928727.0
2551 2 438.06125976 440.156272859 18846589.0
2552 1 184.826585161 398.846826953 13041313.0
2552 2 437.028753405 441.230223233 16754387.0
2553 1 184.081928201 400.133240961 14879153.0
2553 2 439.434952149 442.009217534 15768668.0
2554 1 185.15536218 398.492985221 14142932.0
2555 1 183.37948957 396.754205599 15568666.0
2556 1 181.777130946 395.340837526 13907851.0
2556 2 440.609832284 434.310895132 14907242.0
2557 1 443.220677761 431.822444598 18454059.0
2559 1 187.139880173 397.118261435 12922553.0
2559 2 443.205130694 437.022067221 18108302.0
2560 1 183.656157032 397.095469038 12919814.0
2560 2 442.883069773 435.313906586 18719266.0
2561 1 184.245393459 392.722683298 13387634.0
2561 2 441.231765124 432.951157315 17541371.0
2562 1 184.47869134 393.983054951 13905594.0
2562 2 441.248941203 435.550340808 18285227.0
2563 1 184.177716597 394.893481658 14355721.0
2563 2 439.801827746 436.234961581 17163092.0
2564 1 180.671816929 394.115947961 14295033.0
2564 2 436.494011019 436.034690571 16873713.0
2565 1 180.233382843 394.632110141 12721102.0
2565 2 436.999688697 434.654954852 16508631.0
2566 1 182.411856062 394.818991998 12697880.0
2566 2 434.878962347 433.807994027 20381094.0
2567 1 184.390025095 395.365392316 15756516.0
2567 2 435.418859491 434.333629818 15035651.0
2568 1 180.968992245 393.279519407 15785174.0
2568 2 433.61360877 433.228040431 18088222.0
2569 1 180.809824752 393.369304041 14361218.0
2569 2 433.931290387 432.872094857 18936496.0
2570 1 181.393404628 394.06787938 14478912.0
2570 2 435.804482648 433.493711042 17063292.0
2571 1 182.678449542 396.784862537 12910769.0
2571 2 436.698010884 436.377958651 18056197.0
2572 1 182.244154223 397.729264438 14337937.0
2572 2 437.666274576 437.641430066 18679604.0
2573 1 182.234609273 396.667933349 13941915.0
2573 2 437.501007909 437.422498095 19080632.0
2574 1 181.631455215 395.368973318 15797317.0
2574 2 437.794668727 436.142976574 20259775.0
2575 1 185.73279858 396.156286213 13594318.0
2575 2 437.465284527 435.947229216 17100012.0
2576 1 187.231269494 394.624913327 13413443.0
2576 2 438.843258719 436.502666903 18159323.0
2578 1 191.300964165 395.420240361 14877464.0
2579 1 192.973903614 393.715451235 14406613.0
2579 2 447.299582945 435.125661768 20743927.0
2580 1 194.057461147 393.572246996 13549610.0
2580 2 448.48923995 434.917914301 17397530.0
2581 1 193.742575636 395.173810801 13446535.0
2581 2 449.754148246 436.255340695 14777412.0
2582 1 196.822714315 395.583548266 14705510.0
2582 2 451.257324281 436.239972158 17848066.0
2583 1 196.836492616 396.81587607 13757447.0
2583 2 451.080939484 434.764048893 18967320.0
2584 1 198.118798043 400.101631429 13210117.0
2584 2 451.673234137 436.711912808 19103421.0
2585 1 198.463487969 399.533813463 13186539.0
2585 2 452.11304285 439.52736892 16680210.0
2586 1 197.014455344 401.35731138 14457773.0
2586 2 451.936786542 440.995686455 17528913.0
2587 1 193.496783267 402.034724462 13757707.0
2587 2 447.884329276 442.749894651 16677913.0
2588 1 191.04865618 400.171038494 14894390.0
2588 2 443.941533115 441.490804104 16897017.0
2589 1 192.036085896 400.62992369 15034717.0
2589 2 443.845859976 440.986443518 17830302.0
2590 1 192.576211073 403.191337772 15309788.0
2590 2 444.899032344 442.748704227 16399341.0
2591 1 191.571818191 406.661567981 11564291.0
2591 2 445.38970868 446.121354522 18172692.0
2592 1 189.66112229 408.724204972 14639954.0
2592 2 445.957407854 445.61888925 17368454.0
2593 1 190.016665245 408.883699723 15416280.0
2593 2 444.442588869 445.441276877 17922533.0
2594 1 193.619171132 407.09489873 11569310.0
2594 2 447.001426246 445.183823875 19543447.0
2595 1 196.225934742 407.029403852 12172609.0
2595 2 449.6118093 446.322868135 19799360.0
2596 1 193.75927873 404.987852477 13741995.0
2596 2 449.923437067 446.803812696 20175914.0
2597 1 196.484685393 404.76836966 14757776.0
2597 2 447.801302176 445.929566841 19161977.0
2598 1 199.24017289 406.806808543 13456807.0
2598 2 451.87249361 446.665644069 16463133.0
2599 1 199.492682333 406.5623081 13792128.0
2599 2 452.856698682 448.356746553 17202677.0
2600 1 199.404596032 407.675989938 14511796.0
2600 2 455.800467352 447.858357095 16150809.0
2601 1 200.925420308 407.841771758 14465216.0
2601 2 456.215217888 447.885761551 16719820.0
2602 1 201.079933085 410.470176407 11803282.0
2602 2 457.226142223 448.914776111 20379235.0
2603 1 199.495453538 410.986951525 15490757.0
2603 2 456.358324848 449.696567063 18710145.0
2604 1 200.344962088 409.746277229 14143807.0
2604 2 455.576262028 448.621592153 15889844.0
2605 1 199.677581899 409.596415353 15677680.0
2605 2 454.43212223 449.891882312 17967284.0
2606 1 201.402810801 411.776278794 14993180.0
2606 2 454.314053993 452.45174938 16055229.0
2607 1 202.667101283 412.433900768 15281757.0
2607 2 454.149136995 452.943085623 17582561.0
2608 1 200.820789887 411.03781589 13956346.0
2608 2 456.218370175 453.266205502 19859164.0
2609 1 199.627600465 411.147730094 17261159.0
2609 2 456.891473731 453.837296753 20593730.0
2610 1 198.388453777 410.932827252 13791310.0
2610 2 454.561669145 453.792349636 17352134.0
2611 1 197.006589222 411.41514182 13792112.0
2611 2 451.16383714 453.781034124 18263128.0
2612 1 198.32774627 411.948118067 13037953.0
2612 2 451.106233678 453.370401908 18088144.0
2613 1 202.127230168 411.995536352 12957546.0
2613 2 452.33765786 455.738658331 21087789.0
2614 1 199.423155495 411.161749005 13359627.0
2614 2 450.443152219 452.488058164 22847306.0
2615 1 196.650061899 411.766592174 13409470.0
2615 2 451.654068821 452.882267105 22888843.0
2616 1 196.559977331 411.908371203 12678785.0
2616 2 450.162541778 451.787085315 18711793.0
2617 1 193.635221134 410.780299483 13708903.0
2617 2 450.047472119 450.499024374 19548736.0
2618 1 192.90271176 410.146773959 12382785.0
2618 2 451.869043735 450.582300576 18694039.0
2619 1 192.898041441 408.260519751 12694208.0
2619 2 449.821185473 449.877035976 14081652.0
2620 1 195.166455653 408.204869407 13394865.0
2620 2 445.777684706 450.778135049 20745956.0
2621 1 198.03025297 406.892835685 12537995.0
2621 2 448.062140666 449.752506099 20088002.0
2622 1 194.561141205 407.089508496 13286485.0
2622 2 447.493478865 447.626950262 19622629.0
2623 1 189.232626648 405.498781815 14943251.0
2623 2 443.937938677 445.359530058 17890176.0
2624 1 189.388153765 406.194887013 14036966.0
2624 2 443.332000403 444.048953259 19251728.0
2625 1 188.269632807 401.649259281 14002584.0
2626 1 195.982017616 401.72017939 12306615.0
2626 2 448.268876829 442.554776808 19127744.0
2627 1 192.37654601 401.321537591 10989328.0
2627 2 446.138950725 441.194916911 18430622.0
2628 1 192.086290761 404.020218817 12616146.0
2628 2 446.36154188 443.918968487 16985265.0
2629 1 191.905656115 407.462287786 12989984.0
2629 2 446.596453016 445.949241331 15990775.0
2630 1 194.810854441 407.822265484 14687568.0
2630 2 447.318692544 446.718982724 18667903.0
2631 1 195.297065204 406.941489392 16420972.0
2631 2 450.522108541 448.198909742 18805260.0
2632 1 194.628446587 407.021793638 15781913.0
2632 2 449.230559646 449.754061733 19493858.0
2633 1 194.639754853 406.254768132 12872666.0
2633 2 449.633812111 449.233375152 20079427.0
2634 1 193.977638511 407.464843492 13124591.0
2634 2 449.244098666 451.798075862 18204292.0
2635 1 193.275465684 408.024250771 13836032.0
2635 2 450.920088261 450.198090549 21208649.0
2636 1 196.448521694 406.85581057 13184439.0
2636 2 450.531307737 450.144473295 17289734.0
2637 1 195.857998619 407.288779998 13606883.0
2637 2 450.847932695 452.132373034 17549877.0
2638 1 193.454470817 408.623121601 15505965.0
2638 2 447.091552854 448.360264631 21941261.0
2639 1 192.359628679 408.032623098 15695653.0
2639 2 446.170768053 446.713516662 18111286.0
2640 1 192.136280279 406.734530458 17113495.0
2640 2 445.946564542 447.392629987 16431962.0
2641 1 192.489036755 406.274145236 13004059.0
2641 2 444.629420399 449.906880342 19832537.0
2642 1 191.016731287 408.187760206 15050227.0
2642 2 443.173496102 449.4366517 15573073.0
2643 1 191.289336337 407.828947688 14851666.0
2643 2 444.866598125 450.570556304 15978072.0
2644 1 192.670684342 406.462864448 14104453.0
2644 2 445.194143152 448.432525544 17041527.0
2645 1 447.50082206 447.459317606 18556369.0
2646 1 193.382499084 408.720422457 14776805.0
2647 1 194.606058367 406.648011324 16349687.0
2647 2 450.449906237 448.283206298 15844226.0
2648 1 193.364259594 405.327063932 12460551.0
2648 2 450.307745351 447.809914045 16909127.0
2649 1 193.872514684 406.100643529 16210758.0
2649 2 450.897986942 447.808258377 15667026.0
2650 1 193.556189229 406.439385303 13259913.0
2650 2 451.100375313 447.940788702 18852433.0
2651 1 196.941503353 405.541660355 13249688.0
2651 2 451.790846582 446.099707524 19468332.0
2652 1 196.383180212 405.740360043 15236957.0
