data/ser/2021-06-07/03_34_00_pipp/step-1_fwhm-22.0-factor-60.0_radius-28.6.aperture_sum.ecsv
# %ECSV 0.9
# ---
# datatype:
# - {name: frame_id, datatype: int32}
# - {name: id, datatype: int32}
# - {name: xcenter, unit: pix, datatype: float64}
# - {name: ycenter, unit: pix, datatype: float64}
# - {name: aperture_sum, datatype: float64}
# meta: !!omap
# - {name: Aperture photometry results}
# - {version: 'astropy: 4.2, photutils: 1.0.1'}
# - {aperture_photometry_args: 'method=''center'', subpixels=5'}
# - {radius: 28.6}
# - __serialized_columns__:
#     xcenter:
#       __class__: astropy.units.quantity.Quantity
#       unit: &id001 !astropy.units.Unit {unit: pix}
#       value: !astropy.table.SerializedColumn {name: xcenter}
#     ycenter:
#       __class__: astropy.units.quantity.Quantity
#       unit: *id001
#       value: !astropy.table.SerializedColumn {name: ycenter}
# schema: astropy-2.0
frame_id id xcenter ycenter aperture_sum
[from data line 7039]
3528 1 173.274959193 459.95281251 17984363.0
3528 2 423.284773323 499.47779837 23892060.0
3529 1 171.956851634 459.994347195 19224036.0
3529 2 422.640331332 499.164004942 23002026.0
3530 1 172.719692918 457.772334462 18855652.0
3530 2 420.978619231 497.639790826 22884055.0
3531 1 173.153507814 459.087515487 17535801.0
3531 2 423.811613902 500.996410391 20245306.0
3532 1 170.84450043 459.787566984 17812368.0
3532 2 422.602870556 500.820376988 21257224.0
3533 1 171.12194949 459.64730148 18269505.0
3533 2 421.086057166 500.489636032 22493907.0
3534 1 170.923946013 459.887496657 18448518.0
3534 2 420.64640576 501.793381525 21624744.0
3535 1 170.467446792 460.251847452 17212160.0
3535 2 420.661964437 502.889247486 23713926.0
3536 1 173.782318784 462.411055237 16638914.0
3536 2 421.540035262 504.111736049 23797318.0
3537 1 172.851199765 464.660401639 16001243.0
3537 2 421.280947286 506.185528484 24320431.0
3538 1 170.848114605 466.210612706 18430896.0
3538 2 421.007969693 505.61197695 21992588.0
3539 1 172.825800278 467.22565392 18305143.0
3539 2 420.222285439 506.407059932 24120119.0
3540 1 174.244608702 468.248724972 19033549.0
3540 2 420.003730948 507.547880614 22099429.0
3541 1 174.009101827 468.063445975 18343144.0
3541 2 422.519561745 508.206141173 21998748.0
3542 1 172.255527725 467.953153278 19807853.0
3542 2 420.725870594 507.304749405 21330804.0
3543 1 170.324903005 467.414200841 18255149.0
3543 2 421.682179386 506.558083867 22977360.0
3544 1 172.884608272 467.103653492 18865015.0
3544 2 420.094525852 504.90303922 22481597.0
3545 1 172.774842878 466.854732477 18661861.0
3545 2 419.696278134 506.694847102 24342910.0
3546 1 173.964969404 469.80558785 17454997.0
3546 2 422.192115053 507.358080439 23498643.0
3547 1 174.762182156 468.323823448 19688402.0
3547 2 422.144274774 506.61101229 20442795.0
3548 1 172.949331096 467.349008937 17377882.0
3548 2 421.029518916 507.515173163 21335726.0
3549 1 174.276392486 470.491098779 16175631.0
3549 2 421.528967347 509.307170889 21808656.0
3550 1 175.101425021 472.086383267 17839003.0
3550 2 419.568643613 509.401897631 19181884.0
3551 1 174.075670703 470.571877185 18755001.0
3551 2 422.075587404 509.146370097 18429018.0
3552 1 173.09417135 467.330052505 18389694.0
3552 2 422.911572397 508.598078823 21156040.0
3553 1 170.725344728 465.077132048 19088096.0
3553 2 419.499315966 507.968267995 25566747.0
3554 1 168.929588616 464.576097489 17371849.0
3554 2 417.145125967 505.387007793 21733606.0
3555 1 166.828922274 462.773412821 18044783.0
3555 2 415.150135196 504.508460426 22778531.0
3556 1 165.813462724 461.796285085 18330249.0
3556 2 413.926849158 504.815762909 19504008.0
3557 1 166.998609204 462.677532403 16615721.0
3557 2 414.031363705 503.670716078 21995916.0
3558 1 168.812846748 462.120665465 17105563.0
3558 2 416.722370156 504.280520206 19875548.0
3559 1 171.663251847 463.759561203 18584732.0
3559 2 417.012561194 505.409874936 20118718.0
3560 1 169.211532406 462.868611981 18667332.0
3560 2 415.883783425 504.149535596 22542421.0
3561 1 169.413382751 461.11689633 18448960.0
3561 2 414.573440803 501.133232607 23903774.0
3562 1 167.097863627 460.879663989 18988825.0
3562 2 415.067958678 499.701226355 26231064.0
3563 1 167.883076082 459.681124326 21151401.0
3563 2 415.158749873 499.301922085 24071903.0
3564 1 167.48534209 457.607593889 20239854.0
3564 2 414.178622109 499.11485276 22699550.0
3565 1 167.682632191 458.986230983 19085058.0
3565 2 414.386942743 500.104626944 21282804.0
3566 1 167.313799395 458.121834884 20660624.0
3566 2 414.825453345 502.439700907 20246292.0
3567 1 167.739405782 459.067312958 19709318.0
3567 2 414.979912135 500.38092333 25408376.0
3568 1 166.131274796 459.717790751 17602213.0
3568 2 411.575210126 497.44041311 22520443.0
3569 1 163.902451831 458.188477915 15531865.0
3569 2 411.415533295 496.849996254 23220222.0
3570 1 163.547428941 459.037310755 15772734.0
3570 2 410.642075868 498.561201347 23502244.0
3571 1 163.879219436 460.126945948 18872350.0
3571 2 411.791851328 499.318065462 19517680.0
3572 1 165.033244198 459.228466187 18743191.0
3572 2 410.107830741 497.909748844 21827717.0
3573 1 163.51864447 457.626516531 19396574.0
3573 2 410.487609912 499.063135584 23861469.0
3574 1 163.372908208 458.739180543 18933624.0
3574 2 410.252327203 498.963421809 23262531.0
3575 1 164.191597824 460.220397076 16824557.0
3575 2 412.846881337 499.036421655 25899696.0
3576 1 170.170738619 461.668256361 16606060.0
3576 2 414.229095368 499.134262604 23585403.0
3577 1 167.906640044 460.530843263 18354234.0
3577 2 414.717263743 501.048650596 23259486.0
3578 1 169.839891247 461.983407825 17378704.0
3578 2 415.915897538 501.088239017 24546499.0
3579 1 169.393917641 461.058053106 19047843.0
3579 2 413.989842852 501.181236295 19558474.0
3580 1 167.866160074 460.746761402 18835483.0
3580 2 415.292977868 502.563852226 22198583.0
3581 1 170.761760341 463.183918619 18518645.0
3581 2 416.686183132 502.940418266 21108817.0
3582 1 170.186407468 462.674581635 18082718.0
3582 2 417.281305223 501.988788966 20835350.0
3583 1 171.659841612 461.823567639 18654771.0
3583 2 417.684515854 499.65428357 23984800.0
3584 1 170.750518993 461.10995614 18445763.0
3584 2 417.342465858 499.116911545 22829635.0
3585 1 169.026306688 461.882723832 19215913.0
3585 2 416.874313989 501.719189851 21138529.0
3586 1 170.397937023 462.268501018 18500917.0
3586 2 419.394384035 502.278650217 18771308.0
3587 1 170.785103337 462.979577008 19960978.0
3587 2 419.25761417 502.261082758 22076788.0
3588 1 172.397602175 462.548619347 20516964.0
3588 2 417.366126009 501.025426872 20982680.0
3589 1 172.31849913 461.540899644 16131348.0
3589 2 417.113694065 502.079209194 23164218.0
3590 1 171.290169253 461.744658843 16375077.0
3590 2 416.300178461 500.890893674 21546819.0
3591 1 170.886786913 461.29334568 19951380.0
3591 2 418.573150132 502.102455146 22464113.0
3592 1 171.021049657 462.266982461 16294021.0
3592 2 418.843873526 500.684166874 22560739.0
3593 1 174.85431533 464.265384149 16555141.0
3593 2 420.121843249 502.903107602 21485363.0
3594 1 173.930334429 465.342540579 16436388.0
3594 2 422.159210981 502.050458338 23501605.0
3595 1 173.266627658 465.137935749 20572322.0
3595 2 422.417790951 503.324702087 24329720.0
3596 1 176.700925017 466.328096128 17975164.0
3596 2 423.406906637 503.15515086 23232231.0
3597 1 178.184106424 465.215357576 18530455.0
3597 2 426.403324133 503.596149688 20903168.0
3598 1 179.244909741 465.193607793 15935823.0
3598 2 426.831915251 503.335656859 21285970.0
3599 1 429.661900218 504.949049914 21925880.0
3600 1 180.30745216 468.413754049 19811853.0
3600 2 429.45869825 508.49178029 26793418.0
3601 1 182.059686004 467.411852989 18513154.0
3601 2 430.975525015 507.310442601 21472976.0
3602 1 182.721364959 465.971942065 17939824.0
3602 2 431.390950077 506.881760621 21067936.0
3603 1 181.371230684 466.295744034 17766127.0
3603 2 431.988919885 508.375970719 20271379.0
3604 1 179.482484256 467.385529552 18310193.0
3604 2 426.59729985 506.951528288 24803880.0
3605 1 178.498086005 467.632143032 18468220.0
3605 2 427.594969297 507.748403235 24669327.0
3606 1 182.553018057 468.060669389 23140873.0
3606 2 428.822404061 506.586661385 21679513.0
3607 1 183.458048721 465.304122094 19389570.0
3607 2 430.307533041 505.281375314 19881480.0
3608 1 184.092230401 465.179104005 18336948.0
3608 2 429.764871226 505.249451615 21900478.0
3609 1 182.116664982 465.815813038 17748759.0
3609 2 430.434167535 504.097844724 23215397.0
3610 1 182.981809079 465.513434681 18423718.0
3610 2 430.323184206 503.897960802 22810648.0
3611 1 183.851039191 467.421866421 19493637.0
3611 2 429.858981073 504.492688842 21670209.0
3612 1 185.475568653 467.507413656 22210354.0
3612 2 431.97851664 507.458454066 20913409.0
3613 1 186.21718412 469.062545915 20642293.0
3613 2 433.31100642 510.991603163 23009978.0
3614 1 188.23533761 467.956299178 16302805.0
3614 2 432.215543984 510.211404881 22423194.0
3615 1 185.347314644 466.526883036 18951578.0
3615 2 431.67788704 508.268795254 22493688.0
3616 1 183.480425336 466.345293843 16962117.0
3616 2 430.391448316 508.099317694 23931307.0
3617 1 188.069346547 470.247192406 18213306.0
3617 2 431.332168424 508.366831408 22342113.0
3618 1 187.585097827 471.688704271 20893091.0
3618 2 434.229735903 509.551099937 21003059.0
3619 1 187.85374336 470.622307488 17298385.0
3619 2 435.947828625 510.256105181 22318428.0
3620 1 192.851534243 471.39083312 20351098.0
3620 2 436.885975069 512.160662581 20795912.0
3621 1 193.491381553 474.246399545 19900322.0
3621 2 440.006121574 514.998148178 23929308.0
3622 1 192.164383265 475.550904887 18559793.0
3622 2 439.073139219 516.252197686 21227532.0
3623 1 190.416168334 474.979526908 19441822.0
3623 2 439.694147859 515.933781733 24113280.0
3624 1 194.532048406 474.928759715 19577671.0
3624 2 439.686548121 516.785509794 20263537.0
3625 1 193.284496384 472.815302528 18891387.0
3625 2 440.990859218 517.038132916 20978712.0
3626 1 191.555713338 473.817805681 18773323.0
3626 2 440.234454371 513.992820207 22537212.0
3627 1 194.057788165 474.576018218 18290921.0
3627 2 440.275684358 514.528880045 22187121.0
3628 1 192.679309437 476.135916757 17960783.0
3628 2 440.218548665 515.563646716 23619976.0
3629 1 193.127498845 477.316650787 18360985.0
3629 2 440.143117298 514.543986085 20270518.0
3630 1 193.671138614 474.644603205 18246646.0
3630 2 439.876831719 514.188375147 22404999.0
3631 1 192.929572008 475.986006714 17411309.0
3631 2 438.253601553 512.687707452 22174268.0
3632 1 194.14645169 475.852265341 19292365.0
3632 2 441.59189231 517.021867346 24119028.0
3633 1 194.521459148 476.590335084 16119932.0
3633 2 442.227493661 516.509649197 24960054.0
3634 1 194.112904036 475.995781754 18697083.0
3634 2 441.460629968 517.973697207 24157815.0
3635 1 190.425487499 475.977697931 18125944.0
3635 2 440.075907436 519.264701876 21001851.0
3636 1 191.987412346 477.878493348 17626170.0
3636 2 436.267162831 520.134002698 22228071.0
3637 1 192.142751358 476.400235772 18166663.0
3637 2 439.259224573 518.211119813 21058966.0
3638 1 191.500075369 478.359199249 17585787.0
3638 2 440.200396884 517.942764815 20228376.0
3639 1 191.291891541 477.714248924 19403280.0
3639 2 441.205160826 517.338360616 21773681.0
3640 1 191.595380427 478.095628296 18451029.0
3640 2 440.020182694 518.342185061 21952131.0
3641 1 191.942349959 478.776635671 17866780.0
3641 2 440.109191243 518.893092453 20209106.0
3642 1 193.153245628 478.746579244 17753955.0
3642 2 438.689549397 520.722175797 19220086.0
3643 1 194.175008134 481.67982264 16759000.0
3643 2 439.98376416 521.491634018 22090616.0
3644 1 193.707169885 481.467524124 19272332.0
3644 2 441.602129688 519.124310236 22252407.0
3645 1 191.920643914 480.053498397 18913549.0
3645 2 440.078874495 517.975781286 20981789.0
3646 1 192.716587324 480.23217845 20954458.0
3646 2 440.144293147 520.091323016 21660405.0
3647 1 194.094844734 482.77062673 17659534.0
3647 2 439.899436882 522.200570205 19505845.0
3648 1 193.49666758 481.175954268 17008360.0
3648 2 440.006008252 523.406987316 21989361.0
3649 1 191.966623588 482.501785789 18726207.0
3649 2 439.825756087 523.188680077 22384492.0
3650 1 191.96934886 484.855470716 17770401.0
3650 2 441.898645821 523.055339651 23032285.0
3651 1 193.037411889 484.161854952 17538110.0
3651 2 440.654908989 523.752943358 22904435.0
3652 1 194.077397613 484.924028726 20476494.0
3652 2 439.992110195 523.392101243 21676741.0
3653 1 191.834207189 482.898204092 20037878.0
3653 2 438.59329794 520.879271114 22942788.0
3654 1 189.765364981 481.477071151 18754434.0
3654 2 437.430028199 520.264498387 22720268.0
3655 1 190.259423015 480.450111267 20299599.0
3655 2 439.396086769 520.437873215 22027313.0
3656 1 193.116815576 481.462183732 18844333.0
3656 2 440.204605906 522.029383305 22874777.0
3657 1 191.369653006 481.359029995 18604950.0
3657 2 438.589289133 521.220180538 22494724.0
3658 1 190.317178951 478.889089596 20398180.0
3658 2 437.914177952 519.888858794 24211138.0
3659 1 187.293995297 478.790886483 17232268.0
3659 2 434.993786717 518.811278699 24035291.0
3660 1 187.237048501 478.104658438 16578001.0
3660 2 432.270881842 516.982972755 24148681.0
3661 1 185.715877529 478.710752014 20441809.0
3661 2 433.274454491 516.779840857 22155819.0
3662 1 186.104173751 478.240030719 18322857.0
3662 2 434.439089084 518.270952236 19802239.0
3663 1 185.151008662 478.073236135 18749337.0
3663 2 435.011019508 518.852652902 19431575.0
3664 1 183.975446859 476.764771769 17782985.0
3664 2 432.157455142 518.346490027 21077448.0
3665 1 182.823645826 476.367634169 18633925.0
3665 2 429.772015721 519.563203631 25014401.0
3666 1 180.638184865 477.482245986 19405235.0
3666 2 431.480727627 519.67271724 23660622.0
3667 1 183.452375754 478.425448563 19186768.0
3667 2 432.887479942 519.252990092 23217225.0
3668 1 183.144083713 477.230659281 19033915.0
3668 2 431.812455626 519.047447175 21575652.0
3669 1 182.016852627 477.540721215 19879782.0
3669 2 429.87158786 517.209392964 21074218.0
3670 1 184.013975887 479.152120411 18098530.0
3670 2 429.06123857 520.133180963 20164722.0
3671 1 183.246958884 479.32948802 17111814.0
3671 2 430.381368779 521.709767164 21392712.0
3672 1 184.6811316 481.098850201 16956444.0
3672 2 430.210840281 521.806045531 21891986.0
3673 1 186.735292608 481.365136216 18960654.0
3673 2 433.726781725 522.644220679 22253573.0
3674 1 186.283332399 480.757891929 20244217.0
3674 2 432.834899691 521.818530394 22446951.0
3675 1 185.510187818 482.316219159 17562309.0
3675 2 432.801363837 521.566094998 20768571.0
3676 1 185.357052715 482.966904616 18676597.0
3676 2 433.333934759 525.251688632 21730691.0
3677 1 183.573530196 483.310560632 16677312.0
3677 2 431.114416762 524.198727097 23525742.0
3678 1 182.665233934 482.518477828 19028773.0
3678 2 429.678197083 523.349045536 20193415.0
3679 1 183.364176672 482.170368497 19459432.0
3679 2 432.161888928 521.985666073 22054612.0
3680 1 184.417697321 481.090867309 18094965.0
3680 2 433.090533026 522.36184058 19043958.0
3681 1 183.214889203 480.205975644 20053039.0
3681 2 432.790238428 521.736739306 20551841.0
3682 1 182.512563247 479.440326252 20565097.0
3682 2 431.278833349 519.820376237 21758222.0
3683 1 181.755291985 477.044952702 18198267.0
3683 2 430.346003381 517.195584133 20714621.0
3684 1 180.960428105 475.021365 19033245.0
3684 2 428.960876504 517.377090694 23270355.0
3685 1 181.975299069 475.821197266 20471180.0
3685 2 429.481348042 517.700250064 21428473.0
3686 1 182.588389893 476.802237458 19078655.0
3686 2 432.642473949 517.520701317 26358412.0
3687 1 184.930179964 476.68915198 20514162.0
3687 2 432.945708444 517.309018111 20622862.0
3688 1 186.792268642 475.482737408 20473871.0
3688 2 436.01011833 517.809015105 22386855.0
3689 1 184.765248441 476.706560024 17855743.0
3689 2 434.930302222 517.900350066 22826696.0
3690 1 186.747464612 477.964717948 18352242.0
3690 2 433.199594761 518.126238084 20780519.0
3691 1 184.972768744 478.239401262 17717435.0
3691 2 431.526741025 516.920596169 23969071.0
3692 1 186.15968256 477.141583503 19743222.0
3692 2 432.133742588 517.300412852 23113830.0
3693 1 185.851291954 477.353411635 19905007.0
3693 2 431.795499097 517.507165143 23657452.0
3694 1 186.242929458 477.265808835 18647278.0
3694 2 432.827197975 520.135806692 23826060.0
3695 1 188.448723596 477.235454746 18849529.0
3695 2 432.688900702 518.802279962 24086936.0
3696 1 188.846008257 474.750373334 17921080.0
3696 2 431.346571857 517.467118342 24121843.0
3697 1 189.463467605 475.896009023 18917131.0
3697 2 431.316709444 518.791057784 20997825.0
3698 1 189.467440524 478.104086801 19901415.0
3698 2 432.668873444 518.135433256 20848165.0
3699 1 188.04621797 477.656844913 19141766.0
3699 2 434.803260329 520.051484033 22813007.0
3700 1 191.284704893 479.340037704 18505940.0
3700 2 435.619185894 522.172764015 21459416.0
3701 1 191.314768707 480.894633473 19563784.0
3701 2 435.831367164 522.591638302 25269502.0
3702 1 192.720521582 481.657426396 19414431.0
