data/ser/2021-06-07/03_34_00_pipp/step-1_fwhm-22.0-factor-60.0.sources.ecsv
# %ECSV 0.9
# ---
# datatype:
# - {name: frame_id, datatype: int32}
# - {name: id, datatype: int32}
# - {name: xcentroid, datatype: float64}
# - {name: ycentroid, datatype: float64}
# - {name: sharpness, datatype: float64}
# - {name: roundness1, datatype: float64}
# - {name: roundness2, datatype: float64}
# - {name: npix, datatype: int32}
# - {name: sky, datatype: float64}
# - {name: peak, datatype: float64}
# - {name: flux, datatype: float64}
# - {name: mag, datatype: float64}
# schema: astropy-2.0
frame_id id xcentroid ycentroid sharpness roundness1 roundness2 npix sky peak flux mag
[from data line 8540]
4279 1 183.155864089 534.588784729 0.526769418032 0.362525219871 0.344265401241 841 0.0 53442.2575639 5.85799816147 -1.91937307761
4279 2 426.841596377 575.157447022 0.426445953878 0.414069186607 0.366315442907 841 0.0 63663.1840174 7.28964650162 -2.15676617123
4280 1 182.998642472 535.44587208 0.55313388078 0.488146358013 0.206835620278 841 0.0 56555.7688979 5.83158735596 -1.91446696413
4280 2 427.86697003 576.187812914 0.444014485095 0.382192376305 0.235499697205 841 0.0 63624.4317465 7.23551552061 -2.14867369862
4281 1 184.576134305 533.869405243 0.576895756872 0.0177794755467 0.338528535773 841 0.0 62662.8853771 6.51527989901 -2.03483269478
4281 2 428.866146876 577.491948756 0.477492911932 0.0582131611407 0.236705582561 841 0.0 62240.2970646 7.21908602632 -2.1462055428
4282 1 182.957530373 535.490025779 0.464666701695 -0.206722583741 0.11732176795 841 0.0 47091.2215292 5.48935958571 -1.84880420146
4282 2 426.089935303 577.511823016 0.376838968702 -0.127744464618 0.0355013979178 841 0.0 62441.1346403 7.87455673872 -2.24056529144
4283 1 183.568625245 536.481041069 0.588797588963 -0.0871269831216 0.159581118589 841 0.0 65569.8677792 6.98369956818 -2.11021387045
4283 2 426.204965083 576.12687612 0.446636457444 -0.0468554856557 0.201979909025 841 0.0 63948.2276556 7.73619704644 -2.22131880751
4284 1 184.680973221 537.563983253 0.540878245288 -0.101577665915 0.201355518697 841 0.0 63285.9610583 7.04486890447 -2.11968228971
4284 2 426.42139371 574.461533098 0.463408461304 0.229805520796 -0.105037534238 841 0.0 57206.6931 6.59477283908 -2.04799960151
4285 1 183.783725365 536.043164181 0.551775865751 0.107090659325 0.212100390352 841 0.0 64405.1093958 7.05093600735 -2.12061693285
4285 2 427.748763303 575.387864709 0.437904823642 0.0937371137503 0.15510009839 841 0.0 60414.5003 7.57676941594 -2.19871017638
4286 1 183.782970134 534.603734356 0.572272530787 0.0131708861568 0.1576970803 841 0.0 62144.0366562 6.57884548972 -2.04537421677
4286 2 427.915842187 575.266013959 0.406535624778 0.0657246803597 0.127402300157 841 0.0 61353.6677896 7.83563182106 -2.23518505317
4287 1 182.085165771 534.690234189 0.320948302425 -0.159230715793 -0.283129103787 841 0.0 32625.8852396 4.40245415579 -1.60923710553
4287 2 425.619773245 572.513184634 0.435122452296 -0.126835754115 0.127492541439 841 0.0 64382.2517549 7.82886982433 -2.23424767958
4288 1 182.92774558 533.699860166 0.603109705601 0.157119617825 -0.142632865942 841 0.0 52962.3099729 5.03040358222 -1.75400707323
4288 2 424.355876387 571.858463231 0.518655117652 0.221064696323 -0.0120764488548 841 0.0 61547.078259 6.31753523659 -2.00136918228
4289 1 185.397605843 535.519091163 0.623416586468 -0.0196982149722 0.267412372703 841 0.0 59102.7747979 5.8766183386 -1.92281871512
4289 2 425.923654651 572.976120382 0.435360026473 0.0769261415885 0.222573539396 841 0.0 62312.0126958 7.4996951651 -2.18760902821
4290 1 183.48094293 537.881974238 0.593199395882 0.361351630408 0.340190432714 841 0.0 57254.1688042 5.74183103577 -1.89762602103
4290 2 426.783635533 575.486072044 0.473905978482 0.309901343519 0.2447999591 841 0.0 62362.720566 7.27462963839 -2.1545272192
4291 1 184.445261209 535.64759204 0.482775654306 0.0580163410903 0.368834023134 841 0.0 61640.7098896 7.28386718913 -2.15590504615
4291 2 427.309027878 575.532652289 0.422833399387 0.151722039778 0.319158950937 841 0.0 62483.8724375 7.79602923309 -2.22968364735
4292 1 185.475969076 533.354395507 0.533949379453 -0.0619256328258 0.30159544439 841 0.0 63195.821916 6.75148212121 -2.07349780482
4292 2 426.98097424 575.733852639 0.392750741863 0.0861324245573 0.0965931834698 841 0.0 62924.7522292 7.52628097742 -2.19145106933
4293 1 184.362025439 533.8130657 0.667476910996 0.37943854463 0.0440406330103 841 0.0 51139.2648042 4.33043000837 -1.59132755901
4293 2 426.944214916 575.586317497 0.563509077103 0.449093935144 0.173158981253 841 0.0 57671.1143549 5.50107344634 -1.85111860843
4294 1 183.591702908 533.37581117 0.556740650003 0.194475757476 0.099094710387 841 0.0 45890.8574146 4.55231461318 -1.64558067194
4294 2 426.737043813 574.539838846 0.421421487604 0.262924918218 0.140947953821 841 0.0 62608.2741167 7.29351655531 -2.15734243271
4295 1 184.314289424 535.127562205 0.28956203445 0.303661239898 -0.404401058102 841 0.0 32558.2335583 3.78623589926 -1.44551917235
4295 2 426.670134737 572.701088478 0.458392980063 0.277489448341 -0.00445319362452 841 0.0 54582.6915139 5.59427373762 -1.86935928336
4296 1 188.390374605 535.454684732 0.430907645678 0.366976982717 -0.0766596537923 841 0.0 37897.5476271 4.11810000488 -1.53674222229
4296 2 430.492632773 574.672793587 0.378336062654 0.3375044454 -0.0937124977169 841 0.0 50868.7694042 5.96805582325 -1.93958219183
4297 1 187.777449757 534.726846692 0.570041539571 -0.0802421334673 0.340371467554 841 0.0 62527.9495438 6.71247344568 -2.06720645164
4297 2 429.600385718 574.254854978 0.420382009334 -0.0687513082802 0.287451662419 841 0.0 64318.6795486 8.06534466365 -2.26655732805
4298 1 185.280308039 531.440490053 0.465744747135 -0.0126645226678 0.0161240246865 841 0.0 42823.4502 4.68261093447 -1.67622018731
4298 2 426.274339756 572.194540617 0.460500619464 0.0166951183621 0.107476405195 841 0.0 59350.9647271 6.70825768327 -2.06652434185
4299 1 184.64764515 530.94931919 0.479021197597 0.270588089176 0.194997752396 841 0.0 43710.6219993 4.68445330315 -1.67664728514
4299 2 427.171757775 572.423679716 0.517207036252 0.335655546519 0.206447029951 841 0.0 58628.5433771 6.05615555244 -1.95549255374
4300 1 186.181830522 534.986138622 0.577309888628 -0.0632096123716 -0.2101400508 841 0.0 37409.0477486 3.31078174363 -1.29982637935
4300 2 428.487948693 575.459495299 0.484764829822 0.203996288289 0.128522137643 841 0.0 54313.9006687 5.58064217538 -1.86671044232
4301 1 188.167088817 536.519051987 0.47979567175 -0.26556044565 -0.137465117212 841 0.0 47819.9594708 5.10893797891 -1.77082657625
4301 2 428.816310941 575.767735272 0.458264524717 -0.0100547746021 -0.0343845723394 841 0.0 58020.5899333 6.30319787675 -1.99890235294
4302 1 189.18977631 534.738478194 0.528146730181 -0.291214101883 -0.08535802287 841 0.0 51686.1179708 5.3211044688 -1.81500446369
4302 2 428.419985791 574.625020271 0.43445563537 -0.364071870396 -0.0119087994314 841 0.0 62075.9139229 7.1547791006 -2.13649057432
4303 1 186.563174902 531.65339057 0.499152721676 0.0953136927237 0.188151526339 841 0.0 46939.5108479 5.06081784948 -1.76055176582
4303 2 430.452337706 571.929026133 0.429011831236 0.219592842866 0.141018485414 841 0.0 62802.986075 7.238234248 -2.14908158473
4304 1 189.132480697 532.664511741 0.574067497631 0.0257876660407 0.210061997739 841 0.0 57005.7521799 5.77587263618 -1.90404402009
4304 2 430.216430615 573.805333648 0.356285564651 0.419294102321 0.0287650426669 841 0.0 45025.8023125 5.46754191453 -1.84448030263
4305 1 188.84772937 534.542502393 0.538922729958 -0.0481744710968 0.304934579771 841 0.0 59037.5895111 6.44097276026 -2.02237865617
4305 2 431.85189954 578.284463833 0.415123718605 0.0687554839754 0.266952074204 841 0.0 63659.6741319 7.69406048668 -2.21538899045
4306 1 188.287494996 537.559605684 0.733468400606 -0.0773808312625 0.143724808915 841 0.0 55057.2403257 4.83241385676 -1.71041030245
4306 2 431.332958205 576.737331926 0.480092482026 7.25805911841e-05 0.151686689471 841 0.0 64357.1190451 7.24356839895 -2.14988141349
4307 1 187.381359975 538.020968261 0.47339317106 0.150324203782 0.456423869682 841 0.0 52483.0000833 6.25584843543 -1.9907155456
4307 2 429.688327838 575.924976769 0.462351844989 0.130535531362 0.447184460988 841 0.0 63644.3407111 7.58177225543 -2.1994268369
4308 1 185.68516439 536.616419351 0.581724236162 -0.0261118578666 0.241659817484 841 0.0 62870.7882354 6.56179839437 -2.04255720732
4308 2 429.059394259 575.820248479 0.421400602482 -0.000581555061901 0.242887761728 841 0.0 63004.2907354 8.01427653916 -2.2596608101
4309 1 186.070353283 533.809921047 0.384270603827 -0.0629229183871 -0.0058512649484 841 0.0 34267.0304618 3.88460783772 -1.4733679552
4309 2 428.748924061 577.265681771 0.465184500662 0.140246300085 -0.117436444434 841 0.0 50442.4586722 5.21059988506 -1.7922193139
4310 1 186.463101097 530.942937082 0.475199375938 0.310020626149 -0.130371943715 841 0.0 36756.2528792 3.66864569614 -1.41126442818
4310 2 427.989900602 574.503230875 0.471635932793 0.353155737481 -0.085506719777 841 0.0 57050.0087271 5.58680941781 -1.86790964144
4311 1 188.280655684 529.958185757 0.585513421472 -0.00943278951815 -0.100290509761 841 0.0 45825.2892118 4.4410266761 -1.61870845469
4311 2 430.243504314 571.732184521 0.370952545296 -0.00745998217577 0.133512792157 841 0.0 62425.4735611 7.50390020078 -2.18821762362
4312 1 185.764064786 529.335214178 0.567548992641 0.114258745524 0.262159899855 841 0.0 49347.6800021 4.92482031374 -1.7309759738
4312 2 427.820802912 569.43944711 0.444965114067 0.0578118771681 0.286850957545 841 0.0 63378.3747035 7.2191869826 -2.14622072632
4313 1 183.91674193 529.88141635 0.535244250142 0.206658462319 0.277988974421 841 0.0 46917.774784 4.71027452128 -1.68261554787
4313 2 425.253188876 569.055512057 0.414124164803 0.0911182129414 0.408783159229 841 0.0 60172.8251118 6.95291448438 -2.10541721981
4314 1 183.812371482 531.996593912 0.546308132171 0.219685814618 -0.0141581529865 841 0.0 41321.6539542 4.07905299611 -1.52639836955
4314 2 426.004117314 570.083428205 0.453579019587 0.108413957905 0.192858457288 841 0.0 62870.7669972 7.30716471304 -2.15937224255
4315 1 185.890360708 532.302753117 0.619322165456 -0.17817493729 -0.04576914413 841 0.0 63345.640375 6.03653282204 -1.95196891584
4315 2 426.503575786 570.271458369 0.394007077288 -0.232787396163 -0.0952933513636 841 0.0 62882.834475 7.41099973251 -2.17469199398
4316 1 183.816961049 533.090804656 0.52201996151 0.208287349361 -0.11970000141 841 0.0 44305.0665688 4.41628091936 -1.61264172761
4316 2 426.216111798 572.636706835 0.467248717088 0.0689208872659 0.186743988438 841 0.0 62539.8894229 7.02096344298 -2.11599177935
4317 1 183.755108967 533.656616013 0.569574253031 0.124444978804 0.195468858765 841 0.0 61219.3458903 6.42183222071 -2.01914738708
4317 2 426.260110722 572.829527586 0.431977390862 0.15806789309 0.0942639341976 841 0.0 61877.2468667 7.61783407207 -2.2045787721
4318 1 183.457178471 533.731252006 0.55991258412 0.251488390414 0.0676367092355 841 0.0 53988.9729799 5.48217117642 -1.84738147979
4318 2 425.001390962 573.652327152 0.46340021587 0.299645756903 0.107287221301 841 0.0 62758.8263021 7.30963069244 -2.15973858867
4319 1 181.345726711 531.975733861 0.529107218403 -0.0158355640918 0.359940095671 841 0.0 61957.4347458 6.82069960344 -2.084572307
4319 2 423.963151057 572.889878842 0.454857809782 0.00638874292372 0.242219320014 841 0.0 62346.6230604 7.63049939604 -2.20638240578
4320 1 181.802059083 529.383807764 0.548628433439 -0.154895459392 0.486275692994 841 0.0 62751.5496104 6.58339768929 -2.04612522677
4320 2 423.761885816 568.113922489 0.524396826749 0.123382194724 0.490027867843 841 0.0 64186.9935021 6.71323417554 -2.067329492
4321 1 180.755485349 527.138221299 0.524950802335 -0.0957584649687 0.266460442356 841 0.0 50243.3594611 5.1221025443 -1.77362067195
4321 2 423.659643942 566.057797692 0.504206006517 0.0309008734436 0.394841904972 841 0.0 61934.8551222 6.57804587152 -2.04524224419
4322 1 180.256434373 525.590819868 0.415909561908 -0.0386096508362 0.458742470242 841 0.0 35713.9398215 3.79897691016 -1.4491666349
4322 2 423.31504398 566.126743472 0.543862312895 0.0490893104213 0.467618899201 841 0.0 61122.8583583 5.88106792717 -1.92364048898
4323 1 180.151889893 523.363157485 0.564912354229 0.00999965874147 0.40169591696 841 0.0 43861.98975 3.92012970085 -1.48325109066
4323 2 423.80349288 566.026468408 0.490947637691 -0.0105045334767 0.406233768675 841 0.0 57249.4660792 5.74216836041 -1.89768980466
4324 1 176.732883842 524.642079937 0.485166373675 -0.355410403742 0.385970849423 841 0.0 39730.3273771 4.05003729799 -1.51864755695
4324 2 419.850508222 565.65373406 0.422379823499 -0.207689356135 0.480751460689 841 0.0 56028.9520979 6.31973734462 -2.00174757223
4325 1 175.704921531 526.952228423 0.774144578424 0.170229774596 0.415236786922 841 0.0 44915.3823042 3.28065676196 -1.28990198698
4325 2 418.899934033 566.428206972 0.471830926283 0.171648931641 0.334764848949 841 0.0 46200.9499146 4.25048670255 -1.57109665461
4326 1 177.300744778 529.445497388 0.537815261836 -0.116797825211 0.124875766338 841 0.0 53146.7647424 5.29188903827 -1.80902682302
4326 2 420.089968578 569.985973624 0.477379514927 -0.0621251237087 0.0631411950539 841 0.0 61709.8826243 6.52480635645 -2.03641906797
4327 1 176.486207747 529.782165273 0.653418152315 0.0436323301062 0.157837378783 841 0.0 62105.4031201 5.91524194349 -1.92993128178
4327 2 419.60105242 569.318939523 0.40529961283 0.0562732822723 0.14470792783 841 0.0 61859.9546875 7.68443827912 -2.21403031681
4328 1 174.951079316 531.079354378 0.440295774572 0.118052038875 -0.177451505651 841 0.0 44517.1718 4.93792412792 -1.73386103159
4328 2 416.860737295 567.79745534 0.46386085871 0.219559115577 0.000173441363864 841 0.0 62750.6580292 7.02233286819 -2.11620352942
4329 1 174.688058383 529.955184856 0.518901602339 -0.117184611756 0.193023311126 841 0.0 53042.8294938 5.88617176208 -1.92458232732
4329 2 417.150047791 567.774649873 0.481026405988 -0.041227182144 0.181045144899 841 0.0 62654.4674313 7.26692907481 -2.15337730375
4330 1 173.899938703 531.589210767 0.589954813724 -0.0727103569987 0.203170135983 841 0.0 58627.9996424 6.00876940942 -1.94696384497
4330 2 414.326217431 569.987517261 0.499116327315 0.0662700449648 0.134395691872 841 0.0 62919.3322875 7.08817678469 -2.12633635165
4331 1 172.323870617 529.373856323 0.481776487283 -0.14145487579 0.249913656073 841 0.0 56293.9542396 6.45552819646 -2.02482945594
4331 2 413.681763077 568.657296466 0.455321399932 -0.0142291956269 0.0812859135906 841 0.0 62626.440875 7.60840415951 -2.20323393582
4332 1 171.763912488 528.077512896 0.553052696114 0.0857819889165 0.211326245241 841 0.0 59607.3124583 6.13507510114 -1.96954970853
4332 2 412.123222267 569.693783526 0.515145168805 0.277035367349 0.228914188636 841 0.0 63344.039325 6.78729856236 -2.07924238382
4333 1 170.334382384 530.272442514 0.523853886279 0.261379995785 0.10109215535 841 0.0 58345.4510326 6.08183865415 -1.96008723627
4333 2 412.323281103 571.07281185 0.455000785275 0.326561260682 0.185191039185 841 0.0 61534.2063965 6.9260757338 -2.10121809018
4334 1 170.94960948 530.67527591 0.578807432739 0.148910622701 0.138985771028 841 0.0 60779.9114306 6.23174119654 -1.9865235221
4334 2 412.367479828 573.473849496 0.427657199458 0.184252819646 0.224019098299 841 0.0 62516.9003542 7.56865933665 -2.19754739549
4335 1 170.703316548 532.348901 0.539718640059 -0.101799958986 0.0563158910278 841 0.0 60374.5622854 6.38323621887 -2.01260229071
4335 2 412.256601497 572.674278869 0.430462004805 -0.0291161909588 -0.0845799539348 841 0.0 62412.0156396 7.18745973167 -2.14143856134
4336 1 170.505037106 531.299935628 0.522208467357 -0.102786244995 0.287033526339 841 0.0 60261.7319375 6.85366404003 -2.0898070298
4336 2 414.035847713 571.883071997 0.385232010309 -0.102900639883 0.294092744065 841 0.0 63122.1199722 8.27952043429 -2.29501295586
4337 1 169.634831246 531.052745976 0.495717997646 -0.112130922067 0.363810912689 841 0.0 60983.7197104 7.20478663179 -2.14405280951
4337 2 412.132237913 570.129732092 0.379938331822 -0.103226916237 0.416100607068 841 0.0 64030.582909 8.37602002242 -2.30759426707
4338 1 167.885043131 530.607063419 0.523611340397 0.0249801687344 0.290975671702 841 0.0 61807.1034417 6.93077952799 -2.10195520979
4338 2 409.37744464 570.13545072 0.39450768733 0.0522060720661 0.462782434566 841 0.0 62748.0945479 7.97087687946 -2.25376525235
4339 1 167.706385442 532.786453483 0.498180546507 -0.159452550931 -0.134637592329 841 0.0 41026.6612771 4.36028159771 -1.59878634495
