data/ser/2021-06-07/03_34_00_pipp/step-1_fwhm-22.0-factor-60.0_radius-57.2.aperture_sum.ecsv
# %ECSV 0.9
# ---
# datatype:
# - {name: frame_id, datatype: int32}
# - {name: id, datatype: int32}
# - {name: xcenter, unit: pix, datatype: float64}
# - {name: ycenter, unit: pix, datatype: float64}
# - {name: aperture_sum, datatype: float64}
# meta: !!omap
# - {name: Aperture photometry results}
# - {version: 'astropy: 4.2, photutils: 1.0.1'}
# - {aperture_photometry_args: 'method=''center'', subpixels=5'}
# - {radius: 57.2}
# schema: astropy-2.0
frame_id id xcenter ycenter aperture_sum
[from data line 5292]
2652 2 449.793037688 446.092905335 34888748.0
2653 1 192.999324549 405.359866561 28987938.0
2653 2 449.500264444 445.864050944 33171642.0
2654 1 191.683092372 403.366290252 27967579.0
2654 2 445.151578777 443.507747178 33335632.0
2655 1 192.21219583 402.690312003 28901469.0
2655 2 445.597943409 444.446783638 32580869.0
2656 1 193.663338217 404.78515437 27736222.0
2656 2 446.996964483 445.046869687 31549930.0
2657 1 193.569878953 405.56480392 28458510.0
2657 2 447.194928339 446.552058217 34047764.0
2658 1 190.360020927 404.706786602 29032043.0
2658 2 445.306481374 446.220326833 32145356.0
2659 1 191.148284875 401.803945133 29686003.0
2659 2 442.501533865 443.202144338 37199356.0
2660 1 189.340922762 399.318759284 28799551.0
2660 2 442.923073393 441.23022746 34789364.0
2661 1 187.159572215 400.165165849 29042401.0
2661 2 447.155538457 441.112826346 33094368.0
2662 1 189.023119491 401.936853877 29726938.0
2662 2 445.422817504 441.831986331 33900651.0
2663 1 188.562823268 401.868857891 28507132.0
2663 2 444.802519774 442.830597419 34724179.0
2664 1 188.030568326 403.124377711 29415018.0
2664 2 443.732347462 444.271476738 36536857.0
2665 1 188.675195814 403.912849229 29602625.0
2665 2 444.675186399 445.57233546 32058544.0
2666 1 189.517719273 405.203877079 27332415.0
2666 2 444.453668676 445.937894206 36641044.0
2667 1 188.588963166 406.830205458 28270880.0
2667 2 444.978431265 447.884795049 33178835.0
2668 1 189.832431201 407.599425156 27683607.0
2668 2 441.190598109 444.655507478 36067758.0
2669 1 188.954817841 405.564273685 29566592.0
2669 2 441.89833157 443.715967158 32125664.0
2670 1 190.697639639 406.197869869 27944169.0
2670 2 442.576629906 444.857388429 30788408.0
2671 1 188.516534274 406.648669329 28249085.0
2671 2 442.963341434 443.509872781 32590920.0
2672 1 187.738593512 406.37150767 28663437.0
2672 2 444.862729565 445.350620577 34851305.0
2673 1 188.70874371 405.49113139 30088939.0
2673 2 445.903820485 445.924765474 35134065.0
2674 1 190.020769874 404.511941995 26154826.0
2674 2 446.480619924 444.264588747 36260861.0
2675 1 193.56880389 406.471453137 27716555.0
2675 2 448.285713707 444.491264809 33817244.0
2676 1 195.841222736 406.836353719 30852714.0
2676 2 450.117945174 446.784151501 32333006.0
2677 1 196.525655873 406.809386247 29658348.0
2677 2 448.092361401 447.917468048 35503765.0
2678 1 193.873570487 406.293039384 30498496.0
2678 2 447.092686709 445.413070976 35420502.0
2679 1 192.633039847 407.28259442 32685843.0
2679 2 449.236078561 445.710996979 32206381.0
2680 1 195.191675959 407.137395962 31464687.0
2680 2 449.73567724 447.526101189 34374996.0
2681 1 195.747732273 409.178582391 30216800.0
2681 2 451.057755797 448.504316043 33665014.0
2682 1 195.471573634 409.572465492 29750715.0
2682 2 449.420685364 449.036865812 34680565.0
2683 1 194.930383737 411.590733549 28126836.0
2683 2 447.619632827 450.544597728 36241768.0
2684 1 194.992424698 411.61537551 30994462.0
2684 2 446.672748789 450.238888445 35406688.0
2685 1 195.969074973 410.367743603 30275202.0
2685 2 447.214928443 451.421490686 32843988.0
2686 1 197.222739127 412.175481152 29171493.0
2686 2 450.086630601 453.853448303 32296556.0
2687 1 198.394695899 413.379227801 28036754.0
2687 2 451.52758299 455.209813318 35391387.0
2688 1 200.620752986 412.613335344 29195671.0
2688 2 451.162735583 454.098429409 32646174.0
2689 1 198.662667001 411.676020727 28363079.0
2689 2 452.180457873 453.323078935 33675798.0
2690 1 198.234084027 411.438085818 29358483.0
2690 2 449.462488145 454.058382213 31309111.0
2691 1 199.343893335 412.088465016 28932044.0
2691 2 452.402620998 453.328863962 30413093.0
2692 1 198.79708079 410.584247094 28331621.0
2692 2 451.997122721 451.847783847 33479289.0
2693 1 197.117205535 409.930967773 32628230.0
2693 2 449.378050765 450.962988108 34847025.0
2694 1 196.968861096 406.67133051 25971085.0
2694 2 451.041580479 447.667694812 33646365.0
2695 1 200.492612432 407.989154071 26256992.0
2695 2 454.281716751 445.606278119 35083070.0
2696 1 202.335999056 406.746828836 30932152.0
2696 2 453.593420096 447.693603646 32505651.0
2697 1 200.286233619 406.363716342 31069320.0
2697 2 454.442482411 448.472913127 37114091.0
2698 1 198.834054425 406.376066801 26740315.0
2698 2 454.261125535 449.548149987 34794894.0
2699 1 195.924826591 404.128923297 29864286.0
2700 1 196.820459766 402.498192841 27537385.0
2700 2 451.816954012 445.277683898 33530863.0
2701 1 199.053526197 405.503253181 28063639.0
2701 2 454.062172661 448.472822373 34636110.0
2702 1 201.935831264 407.164183419 28715869.0
2702 2 455.748506622 448.204989298 33196060.0
2703 1 199.450078094 408.291126923 29190468.0
2703 2 454.824467442 450.490291588 33380955.0
2704 1 199.466798502 408.909402211 28577139.0
2704 2 457.652625413 449.585329197 33830931.0
2705 1 198.973619509 409.128071364 28183989.0
2705 2 456.689624742 449.107728525 33343300.0
2706 1 199.71943571 407.094114082 27492020.0
2706 2 455.522506361 448.023996342 35052094.0
2707 1 197.545216357 405.124907238 33160241.0
2707 2 455.923887774 447.271908176 34258943.0
2708 1 196.215300389 404.006529459 30671702.0
2708 2 451.30459539 447.822768811 34367447.0
2709 1 194.952529518 405.433155584 27483839.0
2709 2 451.200894649 446.353350033 33958346.0
2710 1 192.917993463 405.304140452 28451997.0
2710 2 450.90736413 445.452236602 32077980.0
2711 1 192.838741893 405.127101448 28546065.0
2711 2 449.798755789 445.753680304 31422519.0
2712 1 192.499743046 403.065536267 30139951.0
2712 2 448.869471479 445.851505772 33835566.0
2713 1 191.911479932 400.523582055 31174694.0
2713 2 447.234323933 444.697482688 35104246.0
2714 1 188.509376318 400.577012715 29250861.0
2714 2 444.081907791 441.802470459 34839539.0
2715 1 186.827709673 398.950752191 28995960.0
2715 2 443.886970175 444.079794429 34004623.0
2716 1 189.530907265 399.946508688 28063152.0
2716 2 444.736641483 444.144638987 33341908.0
2717 1 189.029384945 401.886741858 26861405.0
2717 2 445.269653964 445.925976342 32078706.0
2718 1 190.149317729 404.332675808 30496883.0
2718 2 443.628401246 448.116882291 32901937.0
2719 1 189.901557392 404.742741541 29879097.0
2719 2 445.800369215 447.763138118 34561346.0
2720 1 190.616659996 405.761633608 30768893.0
2720 2 445.889431187 448.785469346 33352544.0
2721 1 191.160062799 405.959310535 27372734.0
2721 2 446.826679603 448.991094999 31885954.0
2722 1 188.558840983 405.063129521 27417280.0
2722 2 444.547253829 448.213895854 36140860.0
2723 1 189.480801023 404.754617044 28887817.0
2723 2 443.324995796 447.542102258 32734705.0
2724 1 189.091824874 406.988693173 28542765.0
2724 2 441.797850822 447.272211884 36925201.0
2725 1 187.456184382 406.727634421 31756569.0
2725 2 441.786037865 447.064500968 33126558.0
2726 1 187.521940968 408.046211094 30939581.0
2726 2 440.447815831 447.459789279 32375695.0
2727 1 185.595451506 409.922245399 30748318.0
2727 2 441.189183472 448.218207892 31830486.0
2728 1 183.388486394 407.473494609 33810584.0
2728 2 437.436328104 449.504220965 33908083.0
2729 1 185.335862078 407.539383453 27820717.0
2729 2 438.420756759 451.596026832 35261170.0
2730 1 185.405245935 408.309199015 26788840.0
2730 2 432.710222897 452.019869531 36553259.0
2731 1 182.096738821 410.453142843 31095264.0
2731 2 438.699221717 452.276310735 36142389.0
2732 1 184.030748596 409.29318777 27610411.0
2732 2 439.678057956 450.614812707 35214659.0
2733 1 185.652774695 410.813871808 28148587.0
2733 2 442.190434103 451.198625946 32064188.0
2734 1 184.130697863 410.814595418 30754943.0
2734 2 442.262657189 452.506116801 32390945.0
2735 1 179.765983998 411.706681794 29424554.0
2735 2 436.596368621 453.320029489 36404317.0
2736 1 177.65005266 411.175678254 27203477.0
2736 2 435.352051648 452.2101891 35656578.0
2737 1 178.699974348 409.89947567 26007342.0
2737 2 433.989021249 452.002781721 33213265.0
2738 1 176.317071815 410.24049852 30242620.0
2738 2 431.779508593 450.989292235 35420835.0
2739 1 176.886399632 407.096706286 33356936.0
2739 2 429.201027063 447.884073706 33104555.0
2740 1 175.728826648 408.450898172 32239913.0
2740 2 431.851802655 448.688559417 34339759.0
2741 1 176.876743843 408.008396069 31017974.0
2741 2 432.132776404 448.959577897 35323494.0
2742 1 177.353774139 407.933825099 28698263.0
2742 2 433.501781304 450.792656414 29932242.0
2743 1 182.07007485 409.854610466 30031715.0
2743 2 436.132157289 450.928999337 36417054.0
2744 1 182.118221703 410.037130489 29460769.0
2744 2 436.016024031 448.741781174 36610321.0
2745 1 181.887716501 410.09886589 30210301.0
2745 2 434.030092249 449.575419981 33625491.0
2746 1 180.841875346 409.772909674 29877687.0
2746 2 432.80066884 449.767251254 32818769.0
2747 1 181.932300869 409.644091173 28239879.0
2747 2 433.626388339 449.068376515 35863704.0
2748 1 183.659519645 410.117619477 29765336.0
2748 2 434.706816018 450.423661666 29731420.0
2749 1 180.15096038 411.595475675 30438505.0
2749 2 435.373646436 451.036383006 37448308.0
2750 1 176.804461242 409.97235815 33671039.0
2750 2 432.124339263 450.8429988 33857691.0
2751 1 178.597098423 410.365348403 29947726.0
2751 2 430.03056385 453.747477232 36408556.0
2752 1 176.966269126 413.485253164 30681726.0
2752 2 429.738874002 454.172507491 35493237.0
2753 1 177.707030977 414.310592012 28088550.0
2753 2 429.955942747 455.084608076 34474704.0
2754 1 178.08352497 413.996633366 27674185.0
2754 2 431.903395772 454.726078464 36131101.0
2755 1 176.348858788 414.885872671 27507365.0
2755 2 431.912674388 455.994702619 34399383.0
2756 1 177.905853916 415.932561986 27901506.0
2756 2 434.779196304 456.597690101 35412231.0
2757 1 177.988993183 413.43283754 29435989.0
2757 2 436.933283526 456.867855773 32268643.0
2758 1 181.138291581 416.942164269 30964196.0
2758 2 437.330591816 458.500087048 33119117.0
2759 1 175.941332052 412.633582452 31361248.0
2759 2 427.528659822 451.961059334 32836548.0
2760 1 176.594608803 412.372688939 27470037.0
2760 2 428.721486023 457.742896277 31493722.0
2761 1 178.849530649 416.893332177 27803687.0
2761 2 431.689513131 460.100484808 34221556.0
2762 1 176.98326027 417.075095849 28951571.0
2762 2 431.793591388 458.345453529 32621656.0
2763 1 176.559439513 415.012950513 32187920.0
2763 2 430.750000483 455.642794157 35011745.0
2764 1 174.723535737 413.921349771 30442027.0
2764 2 429.217147812 454.125965245 33586211.0
2765 1 174.760389454 414.16213295 29481830.0
2765 2 425.617557098 454.311967681 33580844.0
2766 1 172.908511929 414.743799991 33325216.0
2766 2 427.715046277 455.034625418 33322629.0
2767 1 174.85290576 415.796767166 29127901.0
2767 2 430.721507254 455.187169182 40913770.0
2768 1 175.119978464 416.104811314 29536075.0
2768 2 428.138690156 454.03513629 31629716.0
2769 1 172.891839089 413.035882678 29619542.0
2769 2 427.521886664 455.200221608 30678888.0
2770 1 171.50821635 411.202504366 30933653.0
2770 2 426.368359993 453.461793596 31000562.0
2771 1 172.260252056 412.57235168 28104508.0
2771 2 425.506804316 454.382905927 34440623.0
2772 1 175.586506098 415.071110598 27976382.0
2772 2 428.706334156 455.057946779 37129438.0
2773 1 175.03808498 415.537080554 29493759.0
2773 2 428.166494938 454.605942503 32937673.0
2774 1 177.298935464 416.929789396 30011609.0
2774 2 428.406786484 455.466169021 35440730.0
2775 1 177.773181627 417.609252875 30136608.0
2775 2 430.578777975 456.933789777 33380351.0
2776 1 177.338483812 417.899191971 28062737.0
2776 2 433.228782906 458.544824286 30880118.0
2777 1 179.144515312 418.362562967 29179289.0
2777 2 432.678278262 460.641844783 32248412.0
2778 1 180.279334486 419.786540068 29421049.0
2778 2 432.085002253 461.052493746 34922752.0
2779 1 180.505067445 420.995813263 29295030.0
2779 2 432.073804341 459.421295347 36046985.0
2780 1 181.996061717 421.355176764 30885910.0
2780 2 432.974911011 458.869787256 36459149.0
2781 1 184.643244497 420.913452282 29061548.0
2781 2 437.655761965 459.479057784 35683957.0
2782 1 186.898988784 418.739385675 28689596.0
2782 2 438.710114958 461.683331615 33535878.0
2783 1 185.159409674 416.652969847 31987837.0
2783 2 441.537105657 459.826013859 33440548.0
2784 1 185.093567775 417.20027389 26418179.0
2784 2 438.316605006 459.069944439 35248945.0
2785 1 184.63695266 421.210749712 29183882.0
2785 2 441.566738248 461.293961075 32730020.0
2786 1 190.243868317 422.757500929 30737264.0
2786 2 442.18691472 464.048165301 36027080.0
2787 1 189.444690652 426.185141094 28932100.0
2787 2 443.718658441 463.589397923 34467824.0
2788 1 188.783712178 424.469026577 31909132.0
2788 2 440.794837886 461.053968823 35514254.0
2789 1 187.174678867 424.024805361 30391707.0
2789 2 439.458705354 459.687975174 34392488.0
2790 1 188.067060394 423.248033162 30379618.0
2790 2 441.971838499 461.776161522 33956097.0
2791 1 189.37957049 424.400434331 30708080.0
2791 2 444.911725044 465.518965169 33700450.0
2792 1 189.314468417 427.158673398 28543719.0
2792 2 444.586055327 466.309609621 32265257.0
2793 1 190.414277321 426.39939594 29319803.0
2793 2 446.288826122 467.10324191 33030180.0
2794 1 192.31959053 425.243442834 28916851.0
2794 2 446.726090723 468.61617246 36440822.0
2795 1 191.951359148 426.386852084 27390720.0
2795 2 446.45646778 466.648398603 34883468.0
2796 1 191.334599758 426.567563489 25332711.0
2796 2 444.297689244 469.429114013 33057659.0
2797 1 192.635228618 428.248160182 29077343.0
2797 2 444.723293099 469.600893501 36354084.0
2798 1 193.119768087 427.412006842 31246500.0
2798 2 445.193943465 470.602626641 34575308.0
2799 1 192.052326667 427.806786041 27679813.0
2799 2 446.329792752 469.254667484 35040534.0
2800 1 191.043391294 427.690779977 27482554.0
2800 2 446.001387743 468.904429522 35039367.0
2801 1 192.101171253 429.131137151 28182313.0
2801 2 445.472972603 469.510852647 34259308.0
2802 1 193.348091249 430.549020654 31307871.0
2802 2 444.553576942 470.654236115 34502806.0
2803 1 192.296417668 427.385398041 30489395.0
2803 2 444.953231449 469.678068042 32656361.0
2804 1 192.054473195 425.626711541 30598386.0
2804 2 443.622270911 468.302477652 30199711.0
2805 1 189.988837708 424.712238482 29129663.0
2805 2 441.737087885 467.733219962 32280423.0
2806 1 188.432722154 426.363182197 30509949.0
2806 2 442.099421569 468.322815951 33253203.0
2807 1 187.792697249 426.857927035 29254989.0
2807 2 442.952110709 468.198825162 34658241.0
2808 1 191.557436415 427.223532341 30447214.0
2808 2 443.495285767 466.190397513 33401113.0
2809 1 189.991717823 427.751122771 28813123.0
2809 2 443.350503582 467.00675877 31068710.0
2810 1 191.398467045 430.710707068 29528619.0
2810 2 442.342442032 471.837739776 32468273.0
2811 1 190.864924391 430.604171722 29754685.0
2811 2 444.797270075 470.426147934 37440535.0
2812 1 192.299587267 430.817501347 28347583.0
2812 2 445.400661332 467.854268068 33068370.0
2813 1 190.564413401 427.317881889 29885526.0
2813 2 443.665608896 464.736207688 34064736.0
2814 1 189.100284266 423.409400525 27416827.0
2814 2 442.196065883 463.296110691 34916007.0
2815 1 186.036789768 421.719188711 32082490.0
2815 2 439.970338713 463.920120003 36526205.0
2816 1 186.290053715 421.620374658 28916916.0
2816 2 439.789132596 462.547087424 39228026.0
2817 1 185.705999685 421.085766252 29266901.0
2817 2 438.290179225 460.732813989 33044491.0
2818 1 187.72404318 420.667264818 29718301.0
2818 2 439.46887701 458.569828406 36153612.0
2819 1 183.226932476 420.619257491 30070124.0
2819 2 438.416910946 458.110560029 34915674.0
2820 1 182.352581305 420.090812589 29902008.0
2820 2 438.538444305 455.11852886 33578038.0
2821 1 183.022081785 418.463225091 31330001.0
2821 2 437.991779188 456.712054308 32882454.0
2822 1 182.44798276 419.537104395 29127035.0
2822 2 435.382039193 460.121223606 36284699.0
2823 1 180.44633171 420.494919048 29749059.0
2823 2 433.887629939 460.341320877 33630579.0
2824 1 180.55760574 421.618674947 28927214.0
2824 2 434.073485647 461.867261911 35593834.0
2825 1 181.719680739 420.764059923 32101942.0
2825 2 432.544672731 462.70704915 36894323.0
2826 1 183.72711832 418.110547903 29197099.0
2826 2 432.941720249 460.998353891 35496339.0
