data/ser/2021-06-07/03_34_00_pipp/step-1_fwhm-22.0-factor-60.0_radius-74.8.aperture_sum.ecsv
# %ECSV 0.9
# ---
# datatype:
# - {name: frame_id, datatype: int32}
# - {name: id, datatype: int32}
# - {name: xcenter, unit: pix, datatype: float64}
# - {name: ycenter, unit: pix, datatype: float64}
# - {name: aperture_sum, datatype: float64}
# meta: !!omap
# - {name: Aperture photometry results}
# - {version: 'astropy: 4.2, photutils: 1.0.1'}
# - {aperture_photometry_args: 'method=''center'', subpixels=5'}
# - {radius: 74.8}
# - __serialized_columns__:
#     xcenter:
#       __class__: astropy.units.quantity.Quantity
#       unit: &id001 !astropy.units.Unit {unit: pix}
#       value: !astropy.table.SerializedColumn {name: xcenter}
#     ycenter:
#       __class__: astropy.units.quantity.Quantity
#       unit: *id001
#       value: !astropy.table.SerializedColumn {name: ycenter}
# schema: astropy-2.0
frame_id id xcenter ycenter aperture_sum
[from data line 4942]
2471 1 190.030633925 395.553575157 37722450.0
2471 2 445.196479088 439.515164557 42406276.0
2472 1 189.559419158 396.109037847 38154807.0
2472 2 447.121092036 440.030908483 41870419.0
2473 1 188.326457507 396.456320068 38262488.0
2473 2 446.127862387 439.232681989 39633180.0
2474 1 187.722515352 395.91629399 38806865.0
2474 2 444.671012496 440.17822163 41778517.0
2475 1 187.56736037 393.349632878 38756783.0
2475 2 444.523812899 438.186263013 43584917.0
2476 1 188.232710768 392.389906089 38730356.0
2476 2 445.850249319 436.664114053 43800378.0
2477 1 187.789880483 390.989099699 37297188.0
2477 2 446.446294833 434.138620252 46797616.0
2478 1 187.520095569 391.205729081 37670787.0
2478 2 445.976814012 432.588368455 44879287.0
2479 1 187.711603399 390.771908302 38726751.0
2479 2 445.444574435 431.004893294 41375544.0
2480 1 189.702976111 390.36669414 36747117.0
2480 2 445.501385459 430.820490488 43585123.0
2481 1 187.843483466 389.807313785 37289707.0
2481 2 444.011071371 431.001139403 44221093.0
2482 1 188.252514047 391.347661418 37712597.0
2482 2 444.445028391 431.339870668 45126256.0
2483 1 186.900543054 392.34778474 36998055.0
2483 2 444.461749068 430.805954642 44365581.0
2484 1 187.117001397 392.673138567 38695313.0
2484 2 444.039439493 431.296711449 43805892.0
2485 1 187.775386105 392.539271681 39874644.0
2485 2 444.550653545 433.328129953 43749045.0
2486 1 189.480495714 394.13029839 39787592.0
2486 2 444.146242028 434.669819032 43838894.0
2487 1 186.985600231 393.520553809 37039793.0
2487 2 443.045055252 434.749271363 42273482.0
2488 1 185.729371698 394.496582262 39458557.0
2488 2 443.723463901 436.589400665 41654129.0
2489 1 188.239105451 395.40518085 40639896.0
2489 2 442.581382538 437.526625456 42847963.0
2490 1 191.629143448 396.40972846 38442813.0
2490 2 444.708650253 439.074755698 41577183.0
2491 1 193.261439528 395.93548689 37808277.0
2491 2 446.768470682 440.342320735 43144695.0
2492 1 190.043369519 393.820026282 37205511.0
2492 2 444.876302251 436.879018662 44529534.0
2493 1 190.075465188 391.221788143 37281680.0
2493 2 446.748111496 433.983544287 43594054.0
2494 1 187.71538425 388.388871825 36800286.0
2494 2 442.212513903 431.381603478 40594824.0
2495 1 187.835315494 392.384297021 38177887.0
2495 2 442.993629295 435.853660595 41279267.0
2496 1 186.808813549 394.319474116 37974759.0
2496 2 443.072889017 437.263911148 43517375.0
2497 1 189.443078945 396.105723556 37833837.0
2497 2 447.602915705 439.290060072 43675339.0
2498 1 187.674586509 395.263209528 38976458.0
2498 2 446.290471944 438.314340744 46034196.0
2499 1 188.706460039 397.85408102 40252220.0
2499 2 446.340719846 439.245650017 43264729.0
2500 1 190.453548261 399.669822633 39906388.0
2500 2 445.003739752 439.725137616 44145675.0
2501 1 192.98368213 401.531244153 38823486.0
2501 2 449.569301838 441.506157074 44254757.0
2502 1 194.38976218 401.755703763 38210866.0
2502 2 449.526723287 440.592276432 42004472.0
2503 1 195.521673964 399.84487875 39291787.0
2503 2 449.903023121 440.494160414 42073805.0
2504 1 197.543332859 398.828501838 38813369.0
2504 2 451.521532551 439.215066455 44470473.0
2505 1 198.169806418 400.211014643 37492559.0
2505 2 455.551408816 440.566715744 43312144.0
2506 1 197.533936633 400.944219207 36819401.0
2506 2 456.81831032 443.563098908 43797628.0
2507 1 201.06586538 403.619845545 37045198.0
2507 2 459.160781791 444.374595631 44632848.0
2508 1 200.045910297 402.432458666 37715958.0
2508 2 457.337881864 445.25611238 42539182.0
2509 1 200.172115544 401.956666067 37438942.0
2509 2 457.386038597 445.074293181 43212964.0
2510 1 199.856245835 402.114890343 37732129.0
2510 2 457.090231833 443.34704903 44078048.0
2511 1 199.679785323 402.450109381 39270973.0
2511 2 455.162332614 442.762063396 44913639.0
2512 1 197.192054192 402.243500324 39478017.0
2512 2 454.166486528 443.206361331 44866062.0
2513 1 197.257744663 401.856222826 36418488.0
2513 2 453.28262366 442.142927946 42387610.0
2514 1 197.801127691 400.90038843 37959037.0
2514 2 453.515162204 440.639577767 43303542.0
2515 1 197.919422175 401.458135903 40498624.0
2515 2 451.022500299 441.827412268 43016324.0
2516 1 195.729924142 401.35579081 38446706.0
2516 2 450.31816364 440.626432258 44628759.0
2517 1 193.70706724 400.520101022 38020165.0
2517 2 449.247134393 439.228364653 46882001.0
2518 1 191.435551439 399.163332921 36484474.0
2518 2 448.471632538 438.21048427 39855759.0
2519 1 193.530740223 398.552118502 41198726.0
2519 2 451.233828693 440.288849965 45447592.0
2520 1 194.101703569 399.78563793 37703228.0
2520 2 451.877408816 441.94639261 41794240.0
2521 1 196.4863113 400.518118518 40958060.0
2521 2 451.837448866 442.326178825 43447161.0
2522 1 193.076562381 401.139595971 39396848.0
2522 2 451.990268886 441.193299805 48033433.0
2523 1 194.355729204 399.520632957 39489780.0
2523 2 450.274237431 439.37109272 44272983.0
2524 1 193.36405607 397.905406786 37060712.0
2524 2 448.346537854 437.379767082 45030873.0
2525 1 193.151161804 398.196388286 41719433.0
2525 2 448.378324106 436.202253698 40761802.0
2526 1 193.742787536 397.266884497 39011030.0
2526 2 448.456986384 436.044082167 43500488.0
2527 1 195.350624047 398.727047499 37784000.0
2527 2 447.7067775 437.813474669 39882974.0
2528 1 192.020952773 395.600740421 39334935.0
2528 2 447.179499815 437.32219838 39946807.0
2529 1 192.511937598 393.155194704 37697442.0
2529 2 447.471428227 434.732724734 44880367.0
2530 1 192.191811019 391.935956151 36489870.0
2530 2 445.972986795 432.33302713 44903583.0
2531 1 446.610921358 430.928617092 43285409.0
2532 1 194.793985495 390.761018842 39394515.0
2532 2 449.611505432 432.387321783 45816953.0
2533 1 196.211017492 391.851640974 39774886.0
2533 2 448.769118616 435.026568281 44869662.0
2534 1 195.509141227 393.758429177 38067596.0
2534 2 450.187146895 438.532779341 45946860.0
2535 1 193.795639955 394.748925988 36955026.0
2535 2 448.843191264 438.610974169 43423080.0
2536 1 191.397947856 395.187453881 38338481.0
2536 2 446.638350457 438.893212277 41280081.0
2537 1 191.167150458 396.352780015 36473518.0
2537 2 447.241393176 439.922486023 44427801.0
2538 1 191.46200286 396.979069103 38570436.0
2538 2 446.394547165 438.140425831 45043366.0
2539 1 192.39520975 397.126703617 39566440.0
2539 2 446.174186874 437.860103228 42301910.0
2540 1 191.394859789 394.884363616 37875836.0
2540 2 446.317587482 437.806573988 44226676.0
2541 1 188.50611003 396.063870114 38151744.0
2541 2 445.500459013 436.745098543 43583037.0
2542 1 186.570349888 397.394339202 38817826.0
2542 2 442.733776841 438.122151165 46226984.0
2543 1 184.806968965 397.353831283 39027684.0
2543 2 442.009102232 437.923891849 42461894.0
2544 1 183.613221355 396.094109707 36853223.0
2544 2 442.592549435 437.605829394 43574644.0
2545 1 441.257834214 436.945023736 43084827.0
2546 1 186.025273079 395.780909684 38465248.0
2546 2 439.627280507 435.559598848 43774649.0
2547 1 182.29492649 391.718338481 39975841.0
2547 2 438.322319935 434.655663538 42500220.0
2548 1 186.523171273 396.272713585 38067283.0
2548 2 439.806202959 437.141640688 44377256.0
2549 1 184.354101718 395.552737614 39121277.0
2549 2 438.82930234 437.939696437 42947775.0
2550 1 183.994788178 396.48552839 40732831.0
2550 2 439.095817283 438.296191836 42525533.0
2551 1 183.445358482 396.584918668 39540367.0
2551 2 438.06125976 440.156272859 44541659.0
2552 1 184.826585161 398.846826953 37852236.0
2552 2 437.028753405 441.230223233 42518264.0
2553 1 184.081928201 400.133240961 40084784.0
2553 2 439.434952149 442.009217534 41944352.0
2554 1 185.15536218 398.492985221 39432074.0
2555 1 183.37948957 396.754205599 40896483.0
2556 1 181.777130946 395.340837526 39517020.0
2556 2 440.609832284 434.310895132 40723214.0
2557 1 443.220677761 431.822444598 45189200.0
2559 1 187.139880173 397.118261435 37996254.0
2559 2 443.205130694 437.022067221 44533586.0
2560 1 183.656157032 397.095469038 37865783.0
2560 2 442.883069773 435.313906586 44834258.0
2561 1 184.245393459 392.722683298 38308670.0
2561 2 441.231765124 432.951157315 43567142.0
2562 1 184.47869134 393.983054951 39061492.0
2562 2 441.248941203 435.550340808 44099610.0
2563 1 184.177716597 394.893481658 39584250.0
2563 2 439.801827746 436.234961581 43280133.0
2564 1 180.671816929 394.115947961 39338098.0
2564 2 436.494011019 436.034690571 42831620.0
2565 1 180.233382843 394.632110141 37268425.0
2565 2 436.999688697 434.654954852 42192207.0
2566 1 182.411856062 394.818991998 37576554.0
2566 2 434.878962347 433.807994027 46578063.0
2567 1 184.390025095 395.365392316 40985703.0
2567 2 435.418859491 434.333629818 40743684.0
2568 1 180.968992245 393.279519407 40760033.0
2568 2 433.61360877 433.228040431 44045786.0
2569 1 180.809824752 393.369304041 39169841.0
2569 2 433.931290387 432.872094857 44731183.0
2570 1 181.393404628 394.06787938 39117719.0
2570 2 435.804482648 433.493711042 42604576.0
2571 1 182.678449542 396.784862537 37615098.0
2571 2 436.698010884 436.377958651 43759505.0
2572 1 182.244154223 397.729264438 39476542.0
2572 2 437.666274576 437.641430066 44560621.0
2573 1 182.234609273 396.667933349 38524883.0
2573 2 437.501007909 437.422498095 44902745.0
2574 1 181.631455215 395.368973318 40775132.0
2574 2 437.794668727 436.142976574 46313509.0
2575 1 185.73279858 396.156286213 38558846.0
2575 2 437.465284527 435.947229216 43049958.0
2576 1 187.231269494 394.624913327 38770517.0
2576 2 438.843258719 436.502666903 44642227.0
2578 1 191.300964165 395.420240361 40358472.0
2579 1 192.973903614 393.715451235 39839209.0
2579 2 447.299582945 435.125661768 47689378.0
2580 1 194.057461147 393.572246996 38816594.0
2580 2 448.48923995 434.917914301 43871773.0
2581 1 193.742575636 395.173810801 38399398.0
2581 2 449.754148246 436.255340695 40564762.0
2582 1 196.822714315 395.583548266 40176948.0
2582 2 451.257324281 436.239972158 43889161.0
2583 1 196.836492616 396.81587607 38695567.0
2583 2 451.080939484 434.764048893 45051486.0
2584 1 198.118798043 400.101631429 38668251.0
2584 2 451.673234137 436.711912808 46006273.0
2585 1 198.463487969 399.533813463 38540524.0
2585 2 452.11304285 439.52736892 43444339.0
2586 1 197.014455344 401.35731138 39557363.0
2586 2 451.936786542 440.995686455 43581310.0
2587 1 193.496783267 402.034724462 38744028.0
2587 2 447.884329276 442.749894651 42579808.0
2588 1 191.04865618 400.171038494 39789482.0
2588 2 443.941533115 441.490804104 42698461.0
2589 1 192.036085896 400.62992369 40030281.0
2589 2 443.845859976 440.986443518 43602678.0
2590 1 192.576211073 403.191337772 40189366.0
2590 2 444.899032344 442.748704227 41853954.0
2591 1 191.571818191 406.661567981 36137886.0
2591 2 445.38970868 446.121354522 44191276.0
2592 1 189.66112229 408.724204972 39431277.0
2592 2 445.957407854 445.61888925 43023794.0
2593 1 190.016665245 408.883699723 40347517.0
2593 2 444.442588869 445.441276877 43772226.0
2594 1 193.619171132 407.09489873 36725968.0
2594 2 447.001426246 445.183823875 45844115.0
2595 1 196.225934742 407.029403852 37172041.0
2595 2 449.6118093 446.322868135 46127708.0
2596 1 193.75927873 404.987852477 38688728.0
2596 2 449.923437067 446.803812696 46163657.0
2597 1 196.484685393 404.76836966 39841657.0
2597 2 447.801302176 445.929566841 45327982.0
2598 1 199.24017289 406.806808543 38653217.0
2598 2 451.87249361 446.665644069 42290184.0
2599 1 199.492682333 406.5623081 38726540.0
2599 2 452.856698682 448.356746553 43085313.0
2600 1 199.404596032 407.675989938 39372837.0
2600 2 455.800467352 447.858357095 41548918.0
2601 1 200.925420308 407.841771758 39235184.0
2601 2 456.215217888 447.885761551 42122951.0
2602 1 201.079933085 410.470176407 36481732.0
2602 2 457.226142223 448.914776111 46282234.0
2603 1 199.495453538 410.986951525 40622795.0
2603 2 456.358324848 449.696567063 44648560.0
2604 1 200.344962088 409.746277229 38878536.0
2604 2 455.576262028 448.621592153 41443186.0
2605 1 199.677581899 409.596415353 40674682.0
2605 2 454.43212223 449.891882312 43700599.0
2606 1 201.402810801 411.776278794 40088731.0
2606 2 454.314053993 452.45174938 41596291.0
2607 1 202.667101283 412.433900768 40338822.0
2607 2 454.149136995 452.943085623 43642454.0
2608 1 200.820789887 411.03781589 38994604.0
2608 2 456.218370175 453.266205502 45983044.0
2609 1 199.627600465 411.147730094 42548929.0
2609 2 456.891473731 453.837296753 46769027.0
2610 1 198.388453777 410.932827252 38813963.0
2610 2 454.561669145 453.792349636 43238081.0
2611 1 197.006589222 411.41514182 38849371.0
2611 2 451.16383714 453.781034124 44473083.0
2612 1 198.32774627 411.948118067 38282360.0
2612 2 451.106233678 453.370401908 44374171.0
2613 1 202.127230168 411.995536352 38393886.0
2613 2 452.33765786 455.738658331 48356249.0
2614 1 199.423155495 411.161749005 38323488.0
2614 2 450.443152219 452.488058164 49541514.0
2615 1 196.650061899 411.766592174 38417902.0
2615 2 451.654068821 452.882267105 49430053.0
2616 1 196.559977331 411.908371203 37977107.0
2616 2 450.162541778 451.787085315 45306649.0
2617 1 193.635221134 410.780299483 38891289.0
2617 2 450.047472119 450.499024374 45783319.0
2618 1 192.90271176 410.146773959 37380693.0
2618 2 451.869043735 450.582300576 44947551.0
2619 1 192.898041441 408.260519751 37760370.0
2619 2 449.821185473 449.877035976 39798022.0
2620 1 195.166455653 408.204869407 38592301.0
2620 2 445.777684706 450.778135049 47016102.0
2621 1 198.03025297 406.892835685 37622057.0
2621 2 448.062140666 449.752506099 46409599.0
2622 1 194.561141205 407.089508496 38559413.0
2622 2 447.493478865 447.626950262 46654964.0
2623 1 189.232626648 405.498781815 40608993.0
2623 2 443.937938677 445.359530058 44823301.0
2624 1 189.388153765 406.194887013 39971678.0
2624 2 443.332000403 444.048953259 47077493.0
2625 1 188.269632807 401.649259281 40301048.0
2626 1 195.982017616 401.72017939 38329184.0
2626 2 448.268876829 442.554776808 46558574.0
2627 1 192.37654601 401.321537591 36116427.0
2627 2 446.138950725 441.194916911 45512900.0
2628 1 192.086290761 404.020218817 37812398.0
2628 2 446.36154188 443.918968487 43307100.0
2629 1 191.905656115 407.462287786 38203215.0
2629 2 446.596453016 445.949241331 42023243.0
2630 1 194.810854441 407.822265484 40087181.0
2630 2 447.318692544 446.718982724 45043939.0
2631 1 195.297065204 406.941489392 42353669.0
2631 2 450.522108541 448.198909742 45285886.0
2632 1 194.628446587 407.021793638 41518818.0
2632 2 449.230559646 449.754061733 46068528.0
2633 1 194.639754853 406.254768132 37907962.0
2633 2 449.633812111 449.233375152 46456488.0
2634 1 193.977638511 407.464843492 38288748.0
2634 2 449.244098666 451.798075862 44457735.0
2635 1 193.275465684 408.024250771 39200838.0
2635 2 450.920088261 450.198090549 47910767.0
2636 1 196.448521694 406.85581057 38192878.0
2636 2 450.531307737 450.144473295 43269608.0
2637 1 195.857998619 407.288779998 38875248.0
2637 2 450.847932695 452.132373034 43587933.0
2638 1 193.454470817 408.623121601 40923151.0
2638 2 447.091552854 448.360264631 48737421.0
2639 1 192.359628679 408.032623098 41341441.0
2639 2 446.170768053 446.713516662 44449679.0
2640 1 192.136280279 406.734530458 42818561.0
2640 2 445.946564542 447.392629987 42541831.0
2641 1 192.489036755 406.274145236 38282897.0
2641 2 444.629420399 449.906880342 46311068.0
2642 1 191.016731287 408.187760206 40771766.0
2642 2 443.173496102 449.4366517 42035872.0
2643 1 191.289336337 407.828947688 40765225.0
2643 2 444.866598125 450.570556304 42670005.0
2644 1 192.670684342 406.462864448 39448962.0
2644 2 445.194143152 448.432525544 43591677.0
2645 1 447.50082206 447.459317606 44742154.0
2646 1 193.382499084 408.720422457 40384458.0
2647 1 194.606058367 406.648011324 42391636.0
2647 2 450.449906237 448.283206298 42337333.0
2648 1 193.364259594 405.327063932 37912004.0
2648 2 450.307745351 447.809914045 43463585.0
2649 1 193.872514684 406.100643529 41989337.0
2649 2 450.897986942 447.808258377 42018127.0
2650 1 193.556189229 406.439385303 38771474.0
2650 2 451.100375313 447.940788702 45400092.0
2651 1 196.941503353 405.541660355 38455942.0
2651 2 451.790846582 446.099707524 45797205.0
