data/ser/2021-06-07/03_34_00_pipp/step-1_fwhm-22.0-factor-60.0_radius-83.6.aperture_sum.ecsv
# %ECSV 0.9
# ---
# datatype:
# - {name: frame_id, datatype: int32}
# - {name: id, datatype: int32}
# - {name: xcenter, unit: pix, datatype: float64}
# - {name: ycenter, unit: pix, datatype: float64}
# - {name: aperture_sum, datatype: float64}
# meta: !!omap
# - {name: Aperture photometry results}
# - {version: 'astropy: 4.2, photutils: 1.0.1'}
# - {aperture_photometry_args: 'method=''center'', subpixels=5'}
# - {radius: 83.6}
# - __serialized_columns__:
#     xcenter:
#       __class__: astropy.units.quantity.Quantity
#       unit: &id001 !astropy.units.Unit {unit: pix}
#       value: !astropy.table.SerializedColumn {name: xcenter}
#     ycenter:
#       __class__: astropy.units.quantity.Quantity
#       unit: *id001
#       value: !astropy.table.SerializedColumn {name: ycenter}
# schema: astropy-2.0
frame_id id xcenter ycenter aperture_sum
[from data line 4243]
2123 1 183.600054106 364.031868083 40340049.0
2123 2 443.052485447 405.191616364 45714382.0
2124 1 180.635380612 365.426943511 42228872.0
2124 2 440.21893452 406.467447452 47150703.0
2125 1 182.686425657 364.273778637 41538567.0
2125 2 441.669550136 406.134871826 46359307.0
2126 1 186.565755363 366.275059979 39322110.0
2126 2 443.324663021 407.220453195 47559343.0
2127 1 190.024057168 367.438120125 42183062.0
2127 2 444.721027988 409.64449653 46272602.0
2128 1 191.595950337 369.060661966 41923635.0
2128 2 449.839983166 412.499747919 42642124.0
2129 1 193.226793339 368.997162524 40857212.0
2129 2 452.10612632 413.468561292 48518693.0
2130 1 195.948455374 369.628819097 39984415.0
2130 2 452.638359152 414.225008363 45047228.0
2131 1 194.08978012 368.688019805 40687986.0
2131 2 450.930424995 411.956637752 50006497.0
2132 1 192.956154878 367.993268014 41696267.0
2132 2 449.788674146 408.234519572 42840314.0
2133 1 193.252314303 368.526719508 41679872.0
2133 2 451.982074802 407.984017685 48021388.0
2134 1 194.521616749 367.032673473 40264086.0
2134 2 452.036673456 408.904155871 45819430.0
2135 1 195.15145404 367.608757792 41820619.0
2135 2 455.517330799 410.383191733 43751999.0
2136 1 194.939645565 366.414602314 43142966.0
2136 2 454.611578614 410.754397181 45551793.0
2137 1 195.668358401 366.535664886 41069463.0
2137 2 454.165984231 410.417160643 43008637.0
2138 1 195.658738415 366.960655799 40476351.0
2138 2 453.185061727 409.350239001 46664556.0
2139 1 195.994444253 368.413852001 39870957.0
2139 2 453.426954572 409.5309663 45324702.0
2140 1 196.117429794 369.754281235 40534329.0
2140 2 454.230991445 410.544821482 46972551.0
2141 1 195.012338136 370.91485053 42535193.0
2141 2 453.1850844 411.39099394 45178717.0
2142 1 195.643580613 371.297775602 42161071.0
2142 2 453.111880624 412.416141726 45138887.0
2143 1 197.309885928 370.834462715 40770017.0
2143 2 453.594467204 413.46918933 42831629.0
2144 1 197.166362897 370.035878057 42791036.0
2144 2 452.299860547 411.557737355 45293467.0
2145 1 192.810565327 369.01405505 43276202.0
2145 2 451.272635325 411.005964588 48393009.0
2146 1 194.572552176 368.719099187 41558828.0
2146 2 452.21116142 409.584256135 47625518.0
2147 1 195.794773127 367.029034697 39734943.0
2147 2 453.212499087 407.970034426 47263695.0
2148 1 195.741428784 365.521271158 40747863.0
2148 2 452.845402318 406.371812197 48626597.0
2149 1 193.511827099 368.683959954 39047217.0
2149 2 450.757654916 407.68684101 46401140.0
2150 1 194.444375356 368.870292945 41613130.0
2150 2 452.147058763 411.012850788 47520473.0
2151 1 194.599024098 367.451220516 40090325.0
2151 2 453.60521854 411.270968138 44726642.0
2152 1 195.028582213 366.014253381 41160871.0
2152 2 453.378776543 412.025485295 45502671.0
2153 1 194.774609139 366.745592306 43588265.0
2153 2 452.260895203 409.058606487 50144165.0
2154 1 194.337720691 366.469940601 41104082.0
2154 2 451.124523106 408.461812447 49451021.0
2155 1 198.820876389 366.237830979 41881250.0
2155 2 453.379884134 406.935537269 48938394.0
2156 1 199.350212097 365.321856383 41268724.0
2156 2 452.951159308 407.787900325 43239659.0
2157 1 196.427282991 365.024608279 42122123.0
2157 2 454.381204964 407.939727548 46818446.0
2158 1 196.049054355 366.165403707 42143976.0
2158 2 452.184349106 407.522408092 45675010.0
2159 1 194.204207145 365.961604275 39206107.0
2159 2 450.380469227 408.230271531 44541521.0
2160 1 193.146708315 368.343933994 39875362.0
2160 2 449.628016568 408.317317353 45442129.0
2161 1 193.34088135 368.994503329 41128004.0
2161 2 447.636608074 408.169175068 43923032.0
2162 1 192.941579931 371.414312624 39574524.0
2162 2 449.907829693 411.065765667 45499917.0
2163 1 185.871557726 367.4292472 41606360.0
2163 2 443.131336869 407.544087261 44202042.0
2164 1 185.332990677 367.602039681 42317986.0
2164 2 442.123600074 406.580919495 46765968.0
2165 1 186.42583007 371.177128012 41162816.0
2165 2 442.236691141 412.262383446 41739924.0
2166 1 188.103326932 372.320801477 39671376.0
2166 2 446.129183879 413.971750115 44788584.0
2167 1 188.10180217 373.007255065 41847124.0
2167 2 446.79892941 413.95387504 44846982.0
2168 1 189.150648814 370.854908392 42398272.0
2168 2 446.902794449 411.680714594 45360343.0
2169 1 184.195500127 368.113252504 42696562.0
2169 2 444.031211792 411.294470365 44915689.0
2170 1 183.049788604 369.54169276 38674490.0
2170 2 442.30122477 410.407387221 46347849.0
2171 1 183.671453105 369.953411492 41489055.0
2171 2 441.542597063 410.277946456 45546139.0
2172 1 182.04038617 368.8408172 41841623.0
2172 2 439.204796261 408.091517672 45163887.0
2173 1 180.566458867 367.269707681 42695676.0
2173 2 438.192234917 407.518153504 47326523.0
2174 1 182.706579921 366.628778198 42942731.0
2174 2 439.333347743 406.27083522 46038644.0
2175 1 184.308423217 365.121431714 41251462.0
2175 2 442.048425301 405.747076976 45643889.0
2176 1 185.56286328 364.550637435 39792867.0
2176 2 444.351603738 405.147494146 46129275.0
2177 1 445.310884265 405.600635693 45036395.0
2178 1 189.165847997 360.035274752 39736318.0
2178 2 444.531939773 402.045174981 46222659.0
2179 1 182.92270553 358.246399138 41347918.0
2179 2 437.195350209 400.597188909 44296528.0
2180 1 175.226636064 352.422283527 41711162.0
2180 2 189.998279288 355.682936705 41764327.0
2180 3 430.890673455 394.735719258 44785998.0
2180 4 446.852873662 397.660602542 44936208.0
2181 1 185.372738535 357.383457678 42279350.0
2181 2 441.921876912 399.311707871 43977605.0
2182 1 178.932689827 356.352979192 42838190.0
2182 2 435.82915143 395.875176221 49069953.0
2183 1 177.791202475 357.032874964 40035851.0
2183 2 439.098416217 398.214707006 47192778.0
2184 1 175.732963737 356.815077308 42315358.0
2184 2 433.937988266 395.308285517 43955775.0
2185 1 179.08495965 358.146797546 42532758.0
2185 2 435.36341924 399.882395997 45479901.0
2186 1 180.611400296 360.660236789 42484111.0
2186 2 436.917596794 401.493613991 48920800.0
2187 1 182.888336954 363.03659355 44711762.0
2187 2 439.036762721 404.826517342 47667144.0
2188 1 180.802116307 364.661067582 41675350.0
2188 2 441.106533956 409.134822556 46538744.0
2189 1 181.217912697 366.335503001 41293128.0
2189 2 440.29505453 409.210700961 49851335.0
2190 1 184.669672671 366.315974601 41919311.0
2190 2 440.154057524 408.336310321 45548194.0
2191 1 184.47104407 364.617646563 42192041.0
2191 2 441.959274438 407.110489545 45311620.0
2192 1 189.093942111 363.983592993 42195165.0
2192 2 441.612290376 405.304936777 46377840.0
2193 1 183.816988403 363.139437522 42344569.0
2193 2 439.840279743 406.739974828 46486188.0
2194 1 186.96094401 365.435005656 42436454.0
2194 2 443.322867894 407.066904411 45967767.0
2195 1 185.114427805 363.66532015 45345765.0
2195 2 440.33136335 406.980466651 44748532.0
2196 1 186.133116709 364.470120252 40226344.0
2196 2 440.986583276 408.132211659 46638389.0
2197 1 189.788633869 367.233361568 38405248.0
2197 2 441.049442432 407.08821829 43293119.0
2198 1 187.401797862 369.944621573 39973872.0
2198 2 443.313319618 408.829529963 45191664.0
2199 1 187.23276848 369.05203604 40816718.0
2199 2 442.284434232 408.647799128 45521289.0
2200 1 183.843497826 368.48737672 43176858.0
2200 2 447.385905999 411.554253542 45485190.0
2201 1 187.127283624 369.315844607 41711219.0
2201 2 443.205267809 412.301258287 46327081.0
2202 1 187.166179148 371.863075502 39879581.0
2202 2 444.087970739 413.458097414 49348679.0
2203 1 186.371263076 374.220347085 39844215.0
2203 2 445.076356742 415.335835187 45670379.0
2204 1 187.840416344 374.167350732 39764740.0
2204 2 447.31719881 414.90011684 44448814.0
2205 1 189.34712267 374.158500432 42612225.0
2205 2 447.656861411 416.229116504 48135865.0
2206 1 190.355177909 373.058483721 43492714.0
2206 2 447.959214978 416.921888075 44595220.0
2207 1 189.499808271 371.150774607 42797586.0
2207 2 448.958925215 415.72396735 48389435.0
2208 1 191.495675877 372.755207837 42149286.0
2208 2 450.749339472 414.972959244 47690382.0
2209 1 188.334659416 372.754100315 39888098.0
2209 2 450.38631051 415.171687013 49160060.0
2210 1 187.098987883 373.639971174 41813197.0
2210 2 447.822617858 415.609172911 45769607.0
2211 1 190.263912428 373.699072254 39995092.0
2211 2 446.068522284 416.555718838 46625197.0
2212 1 191.47519393 374.493964756 44685277.0
2212 2 447.977519879 415.952932587 48958006.0
2213 1 189.232811499 373.918659219 40900600.0
2213 2 448.683544674 415.125775968 46880508.0
2214 1 190.076122239 372.834717961 42725411.0
2214 2 446.854807773 413.235247747 45995804.0
2215 1 186.924543512 372.372545986 40690293.0
2215 2 444.266098016 413.302496563 43787979.0
2216 1 186.207981648 374.503931038 41873885.0
2216 2 443.013636122 412.008840458 44471969.0
2217 1 186.805700742 371.861503544 42625665.0
2217 2 445.664521704 413.28738739 43958808.0
2218 1 188.076836054 373.051507879 41005079.0
2218 2 445.756718209 413.76317714 47105430.0
2219 1 188.755024517 374.344064289 41004594.0
2219 2 445.954654493 413.475198898 44428684.0
2220 1 188.508474707 376.483752176 42363992.0
2220 2 447.234001145 415.96726935 45658982.0
2221 1 190.317751481 376.579248348 42831876.0
2221 2 448.152877877 417.118214612 47460510.0
2222 1 189.632782942 374.941684563 40578150.0
2222 2 447.057474857 415.18705623 46763014.0
2223 1 188.152559782 377.866459351 40687880.0
2223 2 446.315017521 417.013301597 48493188.0
2224 1 191.079356231 376.915463309 41576382.0
2224 2 449.122081827 416.896986785 46662085.0
2225 1 192.314264676 375.826328447 42063082.0
2225 2 451.371931512 415.363369834 49403175.0
2226 1 194.517073596 374.722387274 42445323.0
2226 2 451.645447716 415.090032003 47160533.0
2227 1 194.78570899 375.279176307 41440966.0
2227 2 452.448453605 417.320758452 50028164.0
2228 1 193.986006834 375.812487229 41884577.0
2228 2 451.427861745 418.915676034 47895466.0
2229 1 193.501751689 378.592822635 42263833.0
2229 2 453.006096965 420.142363009 48491419.0
2230 1 196.11700699 379.940662322 42877236.0
2230 2 453.323619501 419.827821688 47223027.0
2231 1 196.128050408 381.462556352 41422763.0
2231 2 452.597214831 420.542247232 46388853.0
2232 1 194.579937901 384.138950337 42634957.0
2232 2 452.848688821 424.986629029 47026894.0
2233 1 196.45458308 381.990464766 43347844.0
2233 2 455.63334406 425.141082454 47315989.0
2234 1 194.909883619 380.616008988 42755934.0
2234 2 457.221448115 422.328782332 45534974.0
2235 1 193.408753539 380.796456421 43613986.0
2235 2 457.219218864 424.42034019 46242370.0
2236 1 194.673009652 380.367525708 40944075.0
2236 2 454.161496098 422.750253416 48245916.0
2237 1 196.766298634 377.786450944 41103379.0
2237 2 454.091185017 420.131117353 47056026.0
2238 1 197.071860303 373.915598589 40229762.0
2238 2 456.563767749 416.461095957 51742767.0
2239 1 196.141170055 374.49152093 40425915.0
2239 2 455.431839372 413.213440953 45693322.0
2240 1 197.259870207 375.233618861 39982144.0
2240 2 455.795415525 415.461478415 43835435.0
2241 1 197.128798495 376.616025706 39802990.0
2241 2 454.931399105 416.573373102 46401298.0
2242 1 196.417260436 374.240599034 41945797.0
2242 2 453.869617828 417.30252426 44227794.0
2243 1 198.503196457 374.131503456 41167001.0
2243 2 455.958230362 418.595842396 46693607.0
2244 1 196.018520687 375.827901284 43540899.0
2244 2 457.148787446 420.961298484 45979071.0
2245 1 195.190872126 375.664583675 41803065.0
2245 2 454.490965048 419.00929485 50209679.0
2246 1 190.533853075 375.34495339 40734996.0
2246 2 452.530003999 417.99394297 47244771.0
2247 1 192.434077322 374.176137003 42248823.0
2247 2 452.843661762 418.178633187 48515749.0
2248 1 193.783298498 375.966690988 43840058.0
2248 2 453.167418151 418.942717786 48849098.0
2249 1 193.923617004 375.353255448 43426440.0
2249 2 453.267474629 418.402782684 49453725.0
2250 1 195.666075897 376.875883247 43005033.0
2250 2 455.578349821 419.742043207 48163436.0
2251 1 197.775002876 376.657524064 40320321.0
2251 2 457.693985313 417.960632225 47540317.0
2252 1 195.79815536 377.509291318 41957552.0
2252 2 455.145348223 418.313262199 48718035.0
2253 1 197.672245311 379.117442736 43002201.0
2253 2 451.941529244 416.806066714 49314888.0
2254 1 196.766456293 376.835384395 41206184.0
2254 2 453.11998641 416.18148708 46825160.0
2255 1 199.34830619 379.254712557 39965527.0
2255 2 456.767337825 417.268251469 46938198.0
2256 1 197.859125485 381.839632769 42653165.0
2256 2 456.008837283 422.239820617 46606747.0
2257 1 195.485784905 381.857146351 43725368.0
2257 2 453.813581965 422.926699333 43931167.0
2258 1 197.223477642 379.392705097 41601332.0
2258 2 454.006462218 421.172495436 47516992.0
2259 1 194.510655774 381.342890815 40621193.0
2259 2 453.419103771 420.286089294 46150936.0
2260 1 191.556076109 380.934005959 41918539.0
2260 2 450.027353086 419.903900673 46512786.0
2261 1 193.191390636 377.355834279 42238721.0
2261 2 449.657323043 418.501605971 46184179.0
2262 1 193.198370094 377.374668169 43765854.0
2262 2 453.236553676 416.076239622 44459680.0
2263 1 195.646329966 373.012861714 43336341.0
2263 2 453.211370651 415.273408534 51114396.0
2264 1 193.812134757 374.372268806 40234191.0
2264 2 453.352215087 412.330617354 44608536.0
2265 1 197.155853935 376.600190988 41014220.0
2265 2 453.423790069 415.750996235 46927162.0
2266 1 200.622853465 375.453289171 44614173.0
2266 2 456.262279107 416.729682345 46138414.0
2267 1 198.028839886 374.490291455 42651648.0
2267 2 454.722843455 416.108621345 44773328.0
2268 1 196.444192517 373.294964663 43663593.0
2268 2 452.881663754 417.103770315 47014333.0
2269 1 198.324258995 374.578687512 44040395.0
2269 2 453.103810032 417.764771805 45570467.0
2270 1 197.163920588 374.568646822 42316213.0
2270 2 453.984150237 417.681900179 48355774.0
2271 1 195.410218437 374.460020505 44636126.0
2271 2 452.460174494 418.03802418 49371939.0
2272 1 196.565145773 376.919912094 45992659.0
2272 2 453.222624709 418.333733206 48036386.0
2273 1 198.883548393 378.16162282 41375459.0
2273 2 453.565119807 419.704012286 48818131.0
2274 1 198.949650695 379.933013642 43595581.0
2274 2 453.364460113 421.667418721 47961742.0
2275 1 200.90531326 380.498634118 40970562.0
2275 2 454.291134789 421.991559052 47062946.0
2276 1 198.899744012 383.697560762 42624564.0
2276 2 456.181363352 423.684719572 48896761.0
2277 1 197.915981248 384.983603321 43390697.0
2277 2 453.562617824 423.872112014 49351925.0
2278 1 198.054798789 385.780855628 44545390.0
2278 2 454.540791267 423.910670078 45302499.0
2279 1 200.418531729 385.96126972 45456784.0
2279 2 458.781349286 423.942188404 42382167.0
2280 1 203.425750314 386.061589522 44158212.0
2280 2 459.049447067 426.998232475 46604016.0
2281 1 205.562520532 385.297051374 46467784.0
2281 2 459.66448352 426.875950508 47307225.0
2282 1 202.241321433 385.012379584 42307185.0
2282 2 458.71396898 425.156057196 47140550.0
2283 1 201.420403229 384.827114953 41491948.0
2283 2 457.500255511 424.353203034 45328906.0
2284 1 202.624362739 385.619273344 44244002.0
2284 2 454.196335434 422.370088155 50270897.0
2285 1 202.363983953 385.905993775 42846260.0
2285 2 456.033381814 424.286708038 47006828.0
2286 1 199.874707445 386.654701047 41517533.0
2286 2 453.003613808 426.080733728 44914539.0
2287 1 200.263626913 388.781628665 41740866.0
2287 2 456.0468241 430.093236529 46076703.0
2288 1 201.981109051 386.79289023 42113549.0
2288 2 458.462232633 429.285465556 48063551.0
2289 1 201.627776653 383.769218323 41705558.0
2289 2 456.753597428 427.336740269 45305225.0
2290 1 201.298901307 382.940257042 42607256.0
2290 2 459.4629689 426.519967075 49150686.0
2291 1 201.38997195 381.456724665 40426298.0
2291 2 460.104415077 424.854376671 46478509.0
2292 1 200.576136113 378.773131217 42772422.0
2292 2 456.354812602 420.43150621 52189043.0
2293 1 203.581342515 382.228248388 43437584.0
2293 2 458.877901569 422.896578311 49424657.0
2294 1 204.135983452 383.415641866 41671595.0
2294 2 459.868501634 425.169898701 48551411.0
2295 1 204.559046699 380.541018606 40724391.0
2295 2 456.714401795 424.265454333 51267395.0
2296 1 200.613289836 379.73268652 43606402.0
2296 2 458.19156102 421.868286799 46418458.0
