data/ser/2021-06-07/03_34_00_pipp/step-1_fwhm-22.0-factor-60.0_radius-39.6.aperture_sum.ecsv
# %ECSV 0.9
# ---
# datatype:
# - {name: frame_id, datatype: int32}
# - {name: id, datatype: int32}
# - {name: xcenter, unit: pix, datatype: float64}
# - {name: ycenter, unit: pix, datatype: float64}
# - {name: aperture_sum, datatype: float64}
# meta: !!omap
# - {name: Aperture photometry results}
# - {version: 'astropy: 4.2, photutils: 1.0.1'}
# - {aperture_photometry_args: 'method=''center'', subpixels=5'}
# - {radius: 39.6}
# - __serialized_columns__:
#     xcenter:
#       __class__: astropy.units.quantity.Quantity
#       unit: &id001 !astropy.units.Unit {unit: pix}
#       value: !astropy.table.SerializedColumn {name: xcenter}
#     ycenter:
#       __class__: astropy.units.quantity.Quantity
#       unit: *id001
#       value: !astropy.table.SerializedColumn {name: ycenter}
# schema: astropy-2.0
frame_id id xcenter ycenter aperture_sum
[from data line 2146]
1072 1 213.569873277 300.810438603 14521333.0
1072 2 480.868332739 343.336201538 19734977.0
1073 1 214.914097674 301.514728229 17131186.0
1073 2 481.076468224 343.964720946 23445799.0
1074 1 211.789719101 301.150236897 19537310.0
1074 2 480.865408998 341.95469858 22700516.0
1075 1 214.995307369 300.752774104 17906951.0
1075 2 480.580583128 343.711015299 19942668.0
1076 1 216.649051284 300.279334476 16983803.0
1076 2 482.123388818 345.952495721 20855014.0
1077 1 215.315323098 303.52968208 16472348.0
1077 2 482.21792887 348.126184911 21395059.0
1078 1 217.486438821 304.678622579 17133344.0
1078 2 483.717733984 349.247706393 20190099.0
1079 1 216.870975433 305.573736967 17534447.0
1079 2 485.693702826 349.397661178 21666711.0
1080 1 218.136203344 306.700537666 17880781.0
1080 2 484.832261011 348.202451723 20482840.0
1081 1 217.753089437 305.772477953 15447217.0
1081 2 485.937843738 348.332005748 22848786.0
1082 1 219.543811482 307.692853121 19466964.0
1082 2 488.353461848 349.150493501 21871099.0
1083 1 223.385907353 308.017715322 17726913.0
1083 2 489.234363949 349.102603629 18786537.0
1084 1 223.404424979 307.231292004 18690341.0
1084 2 487.123522651 349.448298773 20380279.0
1085 1 222.610732825 307.932534474 18527231.0
1085 2 487.566641936 348.940453046 20250891.0
1086 1 221.906482082 308.655311762 16108826.0
1086 2 486.280419333 350.564753644 19820945.0
1087 1 222.658831085 307.65522516 16774501.0
1087 2 487.384361659 350.282471862 18678052.0
1088 1 222.977684511 306.913799237 16777773.0
1088 2 487.553118043 349.011407716 20480410.0
1089 1 221.52317752 305.480951061 18362220.0
1089 2 488.856868746 347.584031023 22332034.0
1090 1 222.011007568 305.476559404 17491536.0
1090 2 490.83036014 347.239581872 24600350.0
1091 1 222.459875618 305.931518304 17367054.0
1091 2 491.385396796 345.178581751 20658861.0
1092 1 225.226056729 305.115830614 14695863.0
1092 2 492.037215889 343.832427598 17202207.0
1093 1 226.637657555 305.809388997 16510964.0
1093 2 491.938862976 347.415571968 20778047.0
1094 1 225.725348204 307.380409405 15162334.0
1094 2 491.261588116 347.121142084 21929552.0
1095 1 227.574016126 308.958130825 16297702.0
1095 2 492.61255825 347.82932681 20238801.0
1096 1 230.599967235 307.867074808 16393735.0
1096 2 493.321013542 349.03977595 19323087.0
1097 1 234.244610995 308.672460499 16909465.0
1097 2 499.515311752 350.454728897 24941551.0
1098 1 232.657229294 310.584501892 17935154.0
1098 2 498.44834686 352.676879346 23571539.0
1099 1 231.107859901 313.339814976 15698084.0
1099 2 497.176628061 353.935835663 22452681.0
1100 1 231.868106596 313.812555703 16306990.0
1100 2 497.676290821 353.887682546 20987837.0
1101 1 231.91515922 312.253515804 16132776.0
1101 2 496.480557736 354.261840733 20165482.0
1102 1 228.863572008 311.925380516 15933386.0
1102 2 495.253872747 356.140592032 20638646.0
1103 1 228.629914834 314.974417253 15681498.0
1103 2 494.360631778 358.297815878 19028144.0
1104 1 228.968398633 315.931411665 15881662.0
1104 2 495.357824654 358.224899652 19798880.0
1105 1 228.639955387 316.385736949 18892767.0
1105 2 492.251385455 356.951350144 21337602.0
1106 1 227.445083996 314.953224744 17258155.0
1106 2 492.958143014 354.311478669 19475578.0
1107 1 227.09822183 313.618173946 14698527.0
1107 2 493.475206645 354.024392433 20661886.0
1108 1 228.954592506 314.552304294 15628004.0
1108 2 495.18532159 354.967035108 20065769.0
1109 1 228.74182766 315.982264468 15489679.0
1109 2 494.059920237 355.318035716 23187411.0
1110 1 228.495244892 316.575415308 18881892.0
1110 2 493.930586474 354.525787852 19569878.0
1111 1 228.256016573 315.716843184 18336051.0
1111 2 495.639430078 357.133057785 18172525.0
1112 1 230.378708844 316.043400375 16826882.0
1112 2 495.47144803 359.762499027 19758613.0
1113 1 232.277862321 316.2063148 17231629.0
1113 2 497.1008501 360.037895571 20776727.0
1114 1 232.036759328 317.344053823 17152569.0
1114 2 494.450056965 358.528062465 21754778.0
1115 1 231.507366268 316.763932679 18166876.0
1115 2 497.198076265 359.125677878 21194676.0
1116 1 231.38676475 315.842702665 15619083.0
1116 2 497.877319593 360.117780957 23526873.0
1117 1 231.230775316 313.929040686 18421180.0
1117 2 497.257824719 358.761568309 21537400.0
1118 1 231.004272413 312.576946527 18610830.0
1118 2 497.188041503 355.010511399 23709659.0
1119 1 230.901105251 312.067565216 17547016.0
1119 2 497.122271065 353.681746634 20727614.0
1120 1 230.479730417 312.041799403 17550417.0
1120 2 496.854575577 353.111395829 20947474.0
1121 1 230.614712161 310.282977127 16868902.0
1121 2 498.979643512 352.816034427 20138813.0
1122 1 232.72599617 309.658688127 15931872.0
1122 2 498.172452421 352.154348783 21359741.0
1123 1 230.768779799 308.002027726 16200488.0
1123 2 495.899595402 351.309055766 22229431.0
1124 1 229.891197048 308.84643365 15686305.0
1124 2 492.264289352 350.336240838 23899093.0
1125 1 229.991306384 310.210805757 14172152.0
1125 2 491.136992479 349.971635778 20196222.0
1126 1 229.012519128 310.665403799 15850849.0
1126 2 493.626535902 351.63124167 20375921.0
1127 1 226.890936395 310.812754163 15345697.0
1127 2 491.982962021 352.437426461 23114543.0
1128 1 227.441485923 311.488128441 15362900.0
1128 2 494.401442327 354.372327739 20812277.0
1129 1 227.400743553 312.85000866 15844006.0
1129 2 495.699190844 355.636967762 22778037.0
1130 1 226.570377828 314.134242114 17937843.0
1130 2 493.323045371 356.443604348 21245009.0
1131 1 227.800663784 314.258691314 17174441.0
1131 2 492.963871107 356.990102937 23797361.0
1132 1 227.480289769 314.852544305 17744026.0
1132 2 491.643502078 358.745938837 23623622.0
1133 1 227.269962455 312.772983955 17063677.0
1133 2 494.518333193 360.008287586 22886025.0
1134 1 229.957620068 312.489927152 17837652.0
1134 2 495.576916978 358.390995535 24355046.0
1135 1 231.598202645 313.111189754 16008380.0
1135 2 496.540048236 356.195508079 24666996.0
1136 1 230.556675181 311.422648929 15438143.0
1136 2 496.165110937 353.014057401 24086298.0
1137 1 230.177299362 309.794726032 19445900.0
1137 2 496.1512881 353.478180616 21972681.0
1138 1 230.299038871 309.606912775 18480549.0
1138 2 496.416507155 353.009249196 26494890.0
1139 1 229.149203833 310.303426895 16902867.0
1139 2 496.187874311 353.90711614 24544787.0
1140 1 227.403047667 311.964248422 17657946.0
1140 2 498.553308387 353.611926745 21596473.0
1141 1 231.112896217 313.237367561 15699230.0
1141 2 497.691783445 354.440253701 22105530.0
1142 1 231.214962485 313.613472702 17684059.0
1142 2 495.105994831 353.281554522 20310703.0
1143 1 230.475619866 314.738522692 16394799.0
1143 2 495.100710686 355.182634917 18152617.0
1144 1 232.331626393 314.271338034 17224940.0
1144 2 495.131869818 355.164008413 23650646.0
1145 1 233.14719888 313.529664939 15348778.0
1145 2 494.619287491 354.776748191 21880220.0
1146 1 232.399820393 310.895972013 18686136.0
1146 2 496.36643 356.254657151 20447241.0
1147 1 231.90331311 310.134142647 16944791.0
1147 2 494.647943512 355.920596203 20864889.0
1148 1 229.203185272 310.190161158 16481341.0
1148 2 495.290945648 356.767336865 21367620.0
1149 1 230.263351814 312.483876428 18643456.0
1149 2 494.373047416 356.491331651 23309914.0
1150 1 228.854540768 311.520395103 17764218.0
1150 2 493.887951182 355.741334186 21953290.0
1151 1 228.083002338 311.768942576 16799245.0
1151 2 493.738509147 355.397966694 23316965.0
1152 1 229.815404276 311.693938847 15574289.0
1152 2 492.637819715 355.44457152 22053476.0
1153 1 228.720331068 314.228301526 14740765.0
1153 2 494.038215884 358.607878084 21647163.0
1154 1 225.890167451 315.004991737 15859949.0
1154 2 490.652138643 357.39888876 24448828.0
1155 1 226.411167667 315.765730991 15964445.0
1155 2 490.973877971 357.010644845 22558295.0
1156 1 227.051507333 313.276892876 16424459.0
1156 2 489.883855322 355.726108476 18875271.0
1157 1 228.863732384 314.728877172 15753648.0
1157 2 492.707095874 354.340855408 20230703.0
1158 1 230.494657311 315.068771187 16575065.0
1158 2 494.687915835 355.238335847 18808985.0
1159 1 229.339399069 313.935116169 18997224.0
1159 2 493.4553343 356.430826469 21689753.0
1160 1 226.153537127 311.908275969 17837940.0
1160 2 489.671745538 354.620944887 21315694.0
1161 1 223.678176571 311.335574446 17694091.0
1161 2 488.250265943 354.361682118 23285252.0
1162 1 223.550432428 309.324244992 16606070.0
1162 2 489.664065268 352.017979556 23441129.0
1163 1 224.270714584 308.375516587 14190575.0
1163 2 488.100152491 352.398713771 21517569.0
1164 1 222.994657628 308.913904321 16752216.0
1164 2 488.650911781 353.585944539 21876458.0
1165 1 221.67255067 309.775403136 13613823.0
1165 2 489.451050268 352.147043492 20860278.0
1166 1 223.081618748 311.348389483 14676415.0
1166 2 490.945700332 350.558930174 18561627.0
1167 1 225.683886518 310.591352716 14909890.0
1167 2 490.14981157 351.977528592 21926783.0
1168 1 227.231496781 309.03275981 16281765.0
1168 2 494.743097297 352.964357974 23044801.0
1169 1 227.324985635 311.856585745 16017954.0
1169 2 492.525767969 352.101046646 21217042.0
1170 1 225.868274246 313.399248935 17200280.0
1170 2 490.619949926 353.251085244 21256501.0
1171 1 226.395038274 314.320325341 15164235.0
1171 2 493.161639631 353.977066037 21614669.0
1172 1 228.567566071 314.896547722 16132786.0
1172 2 495.195179565 354.175789074 23540906.0
1173 1 227.141225288 314.940291513 14141628.0
1173 2 493.416774897 354.360676332 20049585.0
1174 1 228.635260384 316.617477075 17138810.0
1174 2 494.066876088 357.518034792 19391568.0
1175 1 227.335929799 318.003014856 16386105.0
1175 2 492.457147095 359.604615479 19673229.0
1176 1 227.764155593 318.224677805 15880613.0
1176 2 492.806273907 360.278070191 18895764.0
1177 1 226.08540017 317.303029459 17255479.0
1177 2 491.270923332 359.51817983 22326489.0
1178 1 225.310565622 315.519626039 17770964.0
1178 2 489.876169943 360.360937301 22369340.0
1179 1 221.514530805 313.663535342 16886534.0
1179 2 486.532951739 359.376276367 24917306.0
1180 1 221.183959682 313.960865331 15491847.0
1180 2 486.979670946 358.014786694 23186518.0
1181 1 221.989240312 314.346621976 15705391.0
1181 2 490.404843208 358.715925652 21474563.0
1182 1 223.732411023 315.121200072 14473138.0
1182 2 488.517825322 359.334964123 19106061.0
1183 1 221.793956843 316.014711611 19071983.0
1183 2 488.022437096 360.841730282 20415675.0
1184 1 221.756070001 315.444232011 16706912.0
1184 2 490.205867362 358.866259251 22664857.0
1185 1 222.446157065 314.695099039 19438564.0
1185 2 487.530822592 358.465632971 22988152.0
1186 1 220.968832775 313.972451257 15203198.0
1186 2 488.206774689 357.731928707 22933649.0
1187 1 222.56049928 314.904037819 14906675.0
1187 2 488.704572086 358.133757385 21687902.0
1188 1 224.381927291 314.62302688 15407902.0
1188 2 490.4963091 357.008962036 23086670.0
1189 1 225.961672656 318.307025032 15325205.0
1189 2 492.928134508 358.116932315 19936559.0
1190 1 225.091468913 317.616173732 16845969.0
1190 2 493.499773231 357.604204951 20525830.0
1191 1 224.336384895 316.187376799 16643190.0
1191 2 492.59615697 356.834151995 23898070.0
1192 1 226.586306144 315.626592075 15750796.0
1192 2 492.079695681 358.60112418 21838658.0
1193 1 225.549662678 313.455702328 13930293.0
1193 2 491.02685956 357.261886156 21903807.0
1194 1 227.215721713 314.504372627 15682514.0
1194 2 489.7979575 357.705598883 20565359.0
1195 1 224.969756579 313.934763659 14067101.0
1195 2 492.187401127 356.930707206 22389109.0
1196 1 226.286326503 316.942700555 16734249.0
1196 2 493.126334668 358.978996738 21742712.0
1197 1 228.963871662 319.584438322 17023564.0
1197 2 494.962854633 360.674750773 19247675.0
1198 1 226.232484575 318.386837289 15990075.0
1198 2 493.606888753 360.034219724 23953548.0
1199 1 228.790304383 315.615385879 17169650.0
1199 2 492.001441038 356.703981699 20578052.0
1200 1 226.598913362 315.971155991 14815371.0
1200 2 494.303815035 358.063337943 20173654.0
1201 1 228.208303363 316.352758122 14642335.0
1201 2 494.786650548 360.914059871 19312719.0
1202 1 229.910121376 318.189142263 16972314.0
1202 2 494.038310721 362.432641987 20618124.0
1203 1 229.242051327 318.987008948 16100403.0
1203 2 492.159634521 361.27791559 18222635.0
1204 1 225.675232542 319.000210338 14941763.0
1204 2 492.800068048 362.156991086 19540778.0
1205 1 224.685726791 318.213352823 16947946.0
1205 2 490.470422148 361.098808029 19394986.0
1206 1 224.927548022 319.416869396 15339355.0
1206 2 489.671060922 359.736367004 21553648.0
1207 1 224.481995222 318.526685308 17627386.0
1207 2 488.858051168 359.948708561 20955188.0
1208 1 223.835800518 317.242893172 17804075.0
1208 2 491.032100385 359.990151982 19234633.0
1209 1 225.063681043 315.896792598 15943352.0
1209 2 491.135219618 360.918576911 20655519.0
1210 1 222.740522854 316.308929434 13581639.0
1210 2 489.467262029 361.905194117 22050112.0
1211 1 220.708759272 315.783120056 15221905.0
1211 2 484.896280372 358.319299221 23613982.0
1212 1 220.251840769 314.51453242 15442219.0
1212 2 485.078539173 354.467534151 21805636.0
1213 1 221.129826033 315.225142449 15646599.0
1213 2 486.803205631 355.693868316 19638015.0
1214 1 221.053762239 315.999949422 15172870.0
1214 2 485.408226697 357.066127487 17740705.0
1215 1 218.269236732 317.217341054 16507478.0
1215 2 483.961277404 357.544151606 19850762.0
1216 1 213.896828861 317.920638331 17780722.0
1216 2 480.247173126 359.587962317 19558148.0
1217 1 214.459738648 317.864133509 17265817.0
1217 2 480.959335936 361.217438731 20900735.0
1218 1 216.575583238 319.219785108 14876351.0
1218 2 482.788428078 364.583773273 21160091.0
1219 1 218.472999324 321.557794613 15869434.0
1219 2 482.838245012 365.189961158 18044721.0
1220 1 219.606650343 321.834567079 17494045.0
1220 2 482.891194773 364.014109252 22026594.0
1221 1 218.298793236 319.419717746 15531588.0
1221 2 482.247699778 362.759195461 22487596.0
1222 1 216.960901071 319.711105502 14550487.0
1222 2 481.015991037 361.194754487 20194293.0
1223 1 215.856140761 318.968416959 16171024.0
1223 2 480.731390945 361.474512325 20827292.0
1224 1 215.495273233 319.495819928 15739573.0
1224 2 480.867998134 362.911851685 22455504.0
1225 1 215.878803687 320.113130671 16038608.0
1225 2 482.291346953 362.098063061 20861805.0
1226 1 215.364792767 320.103524479 15912875.0
1226 2 482.853952244 362.781605929 24041727.0
1227 1 216.994094841 320.711408302 15664857.0
1227 2 481.764461964 361.502086923 23190260.0
1228 1 214.93646208 319.345298839 15262555.0
1228 2 479.870163774 359.134986946 23354872.0
1229 1 210.768249 317.678765714 16930429.0
1229 2 477.886906734 359.613648918 20503499.0
1230 1 212.170921821 315.951111084 16132504.0
1230 2 477.303024211 359.858733648 20835789.0
1231 1 212.807412852 313.132841121 16559988.0
1231 2 475.67779577 357.062122545 20718350.0
1232 1 213.180534399 312.715104671 16842320.0
1232 2 477.442994402 355.665531888 19184578.0
1233 1 213.074554997 311.276464289 15245890.0
1233 2 476.464002966 353.141624772 21432528.0
1234 1 211.393340997 310.557468873 15768354.0
1234 2 478.954665505 355.43321417 22224465.0
1235 1 211.188188023 311.736069616 15587148.0
1235 2 476.737666508 356.188950815 23539169.0
1236 1 215.837113268 313.35809111 15083285.0
1236 2 477.367185577 355.182796631 21042938.0
1237 1 215.815436309 313.466278087 17781232.0
1237 2 479.249481831 357.346113804 20823961.0
1238 1 214.945893863 313.643839228 17714243.0
1238 2 478.551789361 355.337896668 18879481.0
1239 1 213.651995813 314.197747765 17095496.0
1239 2 479.60805998 356.601577384 21705769.0
1240 1 211.786929772 313.097991316 16538374.0
1240 2 476.360796122 355.362792587 18594086.0
1241 1 212.169895643 312.508648671 15529556.0
1241 2 476.574850487 357.330998818 18265992.0
1242 1 214.030916677 312.356379418 14627500.0
1242 2 478.435218798 357.231767209 19964139.0
1243 1 213.927644919 312.109705288 16207201.0
1243 2 479.37033963 357.821038808 23590027.0
1244 1 212.50314733 311.917985063 17505823.0
1244 2 478.856063781 357.055572867 24391138.0
1245 1 213.129568886 311.400570693 18708952.0
1245 2 477.394408209 355.419270849 22221877.0
