data/ser/2021-06-07/03_34_00_pipp/step-1_fwhm-22.0-factor-60.0_radius-74.8.aperture_sum.ecsv
# %ECSV 0.9
# ---
# datatype:
# - {name: frame_id, datatype: int32}
# - {name: id, datatype: int32}
# - {name: xcenter, unit: pix, datatype: float64}
# - {name: ycenter, unit: pix, datatype: float64}
# - {name: aperture_sum, datatype: float64}
# meta: !!omap
# - {name: Aperture photometry results}
# - {version: 'astropy: 4.2, photutils: 1.0.1'}
# - {aperture_photometry_args: 'method=''center'', subpixels=5'}
# - {radius: 74.8}
# - __serialized_columns__:
#     xcenter:
#       __class__: astropy.units.quantity.Quantity
#       unit: &id001 !astropy.units.Unit {unit: pix}
#       value: !astropy.table.SerializedColumn {name: xcenter}
#     ycenter:
#       __class__: astropy.units.quantity.Quantity
#       unit: *id001
#       value: !astropy.table.SerializedColumn {name: ycenter}
# schema: astropy-2.0
frame_id id xcenter ycenter aperture_sum
[from data line 720]
361 2 487.704328298 278.022260473 27978151.0
362 1 214.748202458 234.821848312 22982288.0
362 2 487.344190152 277.465735405 31015445.0
363 1 217.044656814 237.731639371 26551150.0
363 2 490.030818777 276.541519988 30639946.0
364 1 219.771195024 235.522396298 22272886.0
364 2 492.132164843 275.399202615 27924251.0
365 1 220.850316824 234.358109907 22521023.0
365 2 491.786889063 272.96591977 30378173.0
366 1 221.044560284 233.479255854 26612121.0
366 2 492.29859017 273.463900189 27461849.0
367 1 217.263789302 229.945220655 26248637.0
367 2 488.637923512 271.98799491 32720489.0
368 1 215.951019438 229.256571037 26476433.0
368 2 487.231954843 272.593345791 27971335.0
369 1 215.854739778 231.87117007 24812362.0
369 2 488.210075752 274.370429168 31944826.0
370 1 213.016484165 231.459021116 22090047.0
370 2 487.161949582 273.965005593 31809838.0
371 1 211.297980268 229.893732128 24720990.0
371 2 483.417217481 271.037841638 31333925.0
372 1 211.184723943 228.810855047 25890397.0
372 2 483.966080318 270.749294763 30164831.0
372 3 497.455900634 274.978988678 30242435.0
373 1 217.648471376 231.907031223 25842470.0
373 2 486.007027358 273.457321163 29236308.0
374 1 215.068138618 230.917194966 25482022.0
374 2 488.975322224 274.026586493 29637189.0
375 1 214.27397799 233.765931038 25151971.0
375 2 485.726640209 276.444007142 29452410.0
376 1 216.408866324 232.679691675 25457213.0
376 2 486.446073931 275.287148207 31724641.0
377 1 215.115008217 233.685956973 25682116.0
377 2 487.371492758 277.425210754 30231978.0
378 1 215.521740708 230.828662979 27241467.0
378 2 489.705663148 275.030397967 31538831.0
379 1 217.468682186 231.980013699 26416210.0
379 2 490.766033234 274.723759254 28964612.0
380 1 205.441862866 232.855527215 24376921.0
380 2 218.469210487 234.082645718 24380165.0
380 3 477.198864986 277.099134388 28694272.0
380 4 491.547259347 277.551625957 28741134.0
381 1 212.888418278 233.62436966 27262505.0
381 2 482.326270393 278.851857293 31738783.0
382 1 213.284307496 231.493045793 25079254.0
382 2 481.763423835 278.733165682 30382504.0
383 1 210.174941864 233.991753342 24145837.0
383 2 480.026072415 278.716829917 32166813.0
384 1 212.093646311 234.325945499 22788235.0
384 2 480.484534493 276.496304044 28272797.0
385 1 211.981553787 234.641164392 24613495.0
385 2 480.678416551 276.531608019 27567606.0
386 1 209.315767427 234.256590938 24502431.0
386 2 479.751130978 275.302926731 28579381.0
387 1 207.516566201 231.651089997 25267277.0
387 2 481.563298628 273.905311533 34365414.0
388 1 209.416343794 229.989856736 23836144.0
388 2 480.53463856 271.334114389 34328802.0
389 1 208.433695439 231.216507556 26144570.0
389 2 478.179446719 273.030541803 29245812.0
390 1 207.123594684 233.800161258 27095407.0
390 2 478.461452676 276.424211881 28024886.0
391 1 209.130130854 230.498554241 25826455.0
391 2 476.629669771 273.451621583 31778575.0
392 1 207.267270352 230.204918404 24636976.0
392 2 475.99058304 273.776924021 33629318.0
393 1 210.456099107 233.294213458 22890030.0
393 2 481.129550585 276.177227197 30218380.0
394 1 212.82032076 236.456589977 23603690.0
394 2 481.929302848 278.643940072 27588159.0
395 1 211.12556485 234.994343326 25708368.0
395 2 481.196449959 277.289660189 32955179.0
396 1 210.140849284 232.282447766 24896658.0
396 2 482.23956841 275.112801691 31556496.0
397 1 210.756206752 233.342857886 22876435.0
397 2 479.802062696 275.366033817 27637585.0
398 1 209.172984698 235.111855982 23371508.0
398 2 482.201386599 277.509348273 27284766.0
399 1 210.75746465 236.964350293 27080395.0
399 2 481.480067341 277.329843772 27526627.0
400 1 211.480104064 234.952783077 26100494.0
400 2 480.256362178 276.766951612 28027754.0
401 1 212.136856166 235.523011831 24354998.0
401 2 483.781651138 278.850262871 33284812.0
402 1 211.608026845 236.830680077 24387063.0
402 2 482.954873519 279.294310948 30460489.0
403 1 213.567638068 240.455839333 25711768.0
403 2 486.539692395 284.172070163 28895631.0
404 1 214.252314541 243.804418398 26895514.0
404 2 485.688039018 285.16613003 29661368.0
405 1 213.029603083 243.878058404 27300647.0
405 2 485.834574285 285.869839956 26969296.0
406 1 213.254486641 243.395744828 26733843.0
406 2 485.247228761 286.037874745 28251683.0
407 1 212.848974075 242.929143008 25174229.0
407 2 485.394954397 285.050106526 31407311.0
408 1 213.282812486 241.511238749 23657379.0
408 2 485.225843239 285.716564759 31918053.0
409 1 215.50844559 240.071431519 25313169.0
409 2 488.317663417 283.01641755 28334837.0
410 1 219.513918658 236.238495514 23996163.0
410 2 487.394321709 279.530961496 34485870.0
411 1 219.594667105 235.351254039 24880319.0
411 2 488.532798083 278.942344519 35399155.0
412 1 216.882612038 235.409685741 25963931.0
412 2 486.683768474 278.796201372 31460974.0
413 1 216.584547121 234.406449287 23760291.0
413 2 487.908988771 279.602422016 28790855.0
414 1 218.393568385 239.125164539 24837549.0
414 2 487.131739872 281.350895928 29229363.0
415 1 218.66659534 240.460764352 25417665.0
415 2 489.578576676 281.13729388 26633359.0
416 1 218.958405422 240.243431024 24920663.0
416 2 488.66412227 283.560555907 28722553.0
417 1 217.763201438 241.056212312 24954663.0
417 2 489.797133118 284.03614956 29450934.0
418 1 217.481189746 242.14836234 25350716.0
418 2 489.273241502 284.456259398 29301472.0
419 1 217.322735078 243.055813778 25814838.0
419 2 489.282831926 285.084249406 31326405.0
420 1 217.136317321 242.921611116 25646387.0
420 2 489.886356435 285.870245481 31049814.0
421 1 219.113818541 243.231595883 26654588.0
421 2 488.688770902 285.699213637 28865592.0
422 1 220.648188566 243.000603511 25555097.0
422 2 493.545748127 285.786411689 31573316.0
423 1 222.2131456 243.813842043 26749924.0
423 2 495.118993078 289.545653668 29124386.0
424 1 226.100317723 244.832054031 24423286.0
424 2 494.389521793 288.117352522 30818162.0
425 1 225.914174202 244.802396437 25326301.0
425 2 497.321858527 287.094149375 29387409.0
426 1 224.877455778 245.310506105 25353224.0
426 2 495.951281578 287.075483072 33615520.0
427 1 223.408950884 244.520071407 23862444.0
427 2 494.009713565 285.184433971 33743216.0
428 1 224.131424596 244.307149688 29263495.0
428 2 494.083755649 284.498699264 32080555.0
429 1 223.505939089 238.913428189 29419239.0
429 2 492.232032472 282.016263403 26704444.0
430 1 222.674656929 238.326198173 24443229.0
430 2 494.831620726 281.304167563 31404825.0
431 1 221.355905079 237.752137914 26325482.0
431 2 494.707619028 282.168114421 28573067.0
432 1 222.577550593 237.685989312 27182642.0
432 2 496.36851755 283.434571884 29481357.0
433 1 222.467609922 239.747862611 23021683.0
433 2 494.852760058 284.247811447 26951953.0
434 1 222.889784261 241.486206532 24666901.0
434 2 492.378282525 284.493416912 33678034.0
435 1 220.431151985 241.291802783 26132312.0
435 2 493.839826528 283.726346577 31225161.0
436 1 221.221514408 241.738792647 27425166.0
436 2 492.431576321 285.858505218 27457236.0
437 1 220.834280373 242.992049969 26271080.0
437 2 490.926749078 285.376213401 30347575.0
438 1 219.123135425 241.902363634 25308739.0
438 2 490.210404753 284.354635227 27870579.0
439 1 216.915238061 242.553392106 24156767.0
439 2 488.266536344 284.799241472 29120250.0
440 1 216.794839519 242.55698611 25675235.0
440 2 488.724445194 284.621373373 31440109.0
441 1 218.336549772 244.640357462 23958962.0
441 2 489.965263643 288.148647769 30029199.0
442 1 216.960833687 245.789272387 23621825.0
442 2 491.309076364 288.807027292 27745244.0
443 1 217.8720107 246.217916609 24572505.0
443 2 484.81990719 286.568201793 26820706.0
444 1 217.173387043 244.357723396 26895361.0
444 2 490.322960612 285.068754153 29112152.0
445 1 219.036487387 243.85240008 23309416.0
445 2 491.731672777 287.837450896 25523357.0
446 1 218.200205558 244.472613053 25689333.0
446 2 491.786996144 289.641939379 28188362.0
447 1 216.275079907 246.28121154 26212077.0
447 2 489.091206321 286.48769876 28795843.0
448 1 218.911067898 244.790367114 24571810.0
448 2 489.973498634 285.794455719 31111330.0
449 1 218.366240338 245.490429134 23811842.0
449 2 488.345480873 285.876615185 28297096.0
450 1 215.868268653 244.926751805 24105293.0
450 2 489.01019497 287.304072947 26848409.0
451 1 215.076101654 243.705174061 26576935.0
451 2 484.503355399 285.85808842 27408374.0
452 1 214.364561775 241.86002821 26031548.0
452 2 484.323611183 285.147317016 28468008.0
453 1 214.936909527 242.468775552 25758256.0
453 2 482.541094229 284.74508021 30081767.0
454 1 216.86984911 242.858477538 25126566.0
454 2 483.970676511 283.766558428 29429964.0
455 1 220.52173049 240.093989541 22717772.0
455 2 486.692036023 283.702186405 29822874.0
456 1 221.263796898 240.660025853 24181179.0
456 2 489.964374918 283.158253786 28711507.0
457 1 220.072389265 238.775980451 24781288.0
457 2 490.527471894 285.050224576 28486143.0
458 1 217.726295244 238.090022666 22898703.0
458 2 484.96361804 284.242618653 30306533.0
459 1 220.053880376 238.98288117 24141699.0
459 2 485.909414535 282.828988924 28923442.0
460 1 216.390753928 238.261753116 25181823.0
460 2 484.20941894 281.941593014 28451505.0
461 1 212.204830747 237.93717419 25953377.0
461 2 481.869997211 279.844445178 34239166.0
462 1 213.161070477 240.285505603 25931967.0
462 2 481.721416326 281.044748949 31616157.0
463 1 214.873632632 241.298493117 26409965.0
463 2 484.673051177 281.918185648 30226548.0
464 1 209.205045451 239.224777183 26661279.0
464 2 477.906394442 279.7676047 30201373.0
465 1 210.713581936 241.324704072 24678607.0
465 2 479.371128519 280.701300847 29506140.0
466 1 208.679859058 240.85831198 25777800.0
466 2 481.213431163 281.210165086 31223505.0
467 1 206.482509853 239.637435398 26152284.0
467 2 482.046311013 282.633349797 32101728.0
468 1 204.671889737 238.690598676 22342639.0
468 2 480.989538299 280.591798696 27815903.0
469 1 205.084173032 238.771637214 25569954.0
469 2 480.78393879 280.125236613 34529864.0
470 1 203.689119786 238.781349217 25099304.0
470 2 480.15448112 279.093343509 31897475.0
471 1 209.972969826 239.957474367 29603825.0
471 2 473.900569811 275.364089562 29318906.0
471 3 485.602480049 283.809374492 29359823.0
472 1 205.99663249 236.436475105 28437512.0
472 2 479.11548141 280.445237299 27577863.0
473 1 209.558916066 239.528378058 25754769.0
473 2 482.017486834 284.429628187 29270868.0
474 1 208.99650644 241.960696629 25979151.0
474 2 481.551187567 285.450700957 29140101.0
475 1 204.576994347 239.772718816 24877436.0
475 2 479.633696667 285.884275438 31873571.0
476 1 204.123500398 239.972745195 25755162.0
476 2 476.661546493 284.823791579 33235859.0
477 1 205.248463856 241.58268251 23994408.0
477 2 475.825610186 285.21101058 31763936.0
478 1 206.076072359 242.8015358 25328710.0
478 2 477.863395434 288.274435547 31841138.0
479 1 207.415931651 246.858549439 26268509.0
479 2 480.172240389 289.258750337 28436903.0
480 1 206.984728779 250.213708326 25171130.0
480 2 479.651523302 289.81126827 31477408.0
481 1 206.598270617 249.859612674 27741638.0
481 2 480.737070752 289.242223436 28211864.0
482 1 206.844705663 248.372170423 27581487.0
482 2 479.565395751 289.518220567 32750007.0
483 1 209.841510455 247.433283704 23167315.0
483 2 480.604984032 289.936807342 30952927.0
484 1 211.702196414 246.353583248 24426082.0
484 2 479.953029267 290.298087883 28518307.0
485 1 211.317093915 246.198633559 25314918.0
485 2 482.940507217 290.016509821 31174885.0
486 1 211.783715248 247.025403737 24096022.0
486 2 482.08504627 290.185883843 30129234.0
487 1 212.528803529 250.083729385 27043871.0
487 2 481.590034542 290.876897553 30289482.0
488 1 210.910994671 248.923523572 26741100.0
488 2 481.544176101 289.285425382 28520988.0
489 1 209.669817746 248.419469469 24857342.0
489 2 479.896506357 290.734315831 28827126.0
490 1 207.646183907 247.526400885 23766873.0
490 2 476.822450134 290.171245193 28051305.0
491 1 206.103275589 248.393165214 23940327.0
491 2 474.952092922 290.974978234 31842707.0
492 1 207.16896982 247.577349431 25748982.0
492 2 476.60374736 289.595378713 30518010.0
493 1 210.322165105 247.062053366 25126594.0
493 2 478.465061535 291.232454726 30446884.0
494 1 210.063456399 250.140947122 26899034.0
494 2 478.839907571 292.106113907 31248315.0
495 1 208.277224573 249.381353679 25741201.0
495 2 476.611657599 290.59099132 32134290.0
496 1 206.098262837 248.496762438 24616218.0
496 2 477.390866078 293.140336271 28328327.0
497 1 206.144565863 248.226525577 24747919.0
497 2 478.586813108 291.756494878 31336704.0
498 1 204.180394816 248.278037486 23147849.0
498 2 475.281001785 290.119847933 28815033.0
499 1 203.397802342 246.964864444 25894865.0
499 2 478.017915246 290.020703094 29553381.0
500 1 202.321629424 244.561141936 24990882.0
500 2 476.829199119 288.449822973 30697572.0
501 1 202.65601681 243.092208995 24918138.0
501 2 475.727519979 286.559380545 29378449.0
502 1 203.3095322 244.355434332 23422181.0
502 2 477.588501423 286.839575744 30595518.0
503 1 204.844896325 243.3483008 25849186.0
503 2 476.741367017 285.365910731 30790277.0
504 1 205.559508492 240.89299653 27466470.0
504 2 475.826333553 286.029238663 31093715.0
505 1 211.490088612 242.382952352 23019673.0
505 2 479.965199586 284.61877278 35137421.0
506 1 209.950778902 241.519676661 23706122.0
506 2 475.885701791 281.794257217 34295292.0
507 1 208.894059737 239.802653713 23408950.0
507 2 476.557508546 279.880932732 28614481.0
508 1 209.207673015 238.255542352 26969090.0
508 2 478.25972304 279.817045992 30087956.0
509 1 208.726839135 238.278902741 24179327.0
509 2 478.906585485 280.739411757 31172950.0
510 1 207.877914448 237.101889304 26383826.0
510 2 480.704955655 281.066053107 29591484.0
511 1 205.211240143 239.490912085 23067446.0
511 2 476.396743876 284.178198558 35246294.0
512 1 202.317164804 241.370588303 24439548.0
512 2 477.533038925 282.540493971 30386610.0
513 1 210.600585897 241.242359246 25933817.0
513 2 200.163566578 241.621567293 25923242.0
513 3 214.420606596 248.326686821 25929506.0
513 4 479.759571398 280.950443839 31788358.0
513 5 470.194341256 284.410356525 31720204.0
514 1 210.221633644 246.071405647 23572232.0
514 2 481.349145909 288.852665572 31848878.0
515 1 212.354887761 246.771455951 26082110.0
515 2 482.15703692 288.79611502 31413876.0
516 1 216.647095479 250.88324672 25668154.0
516 2 481.92499172 291.349880734 29553070.0
517 1 216.4542352 251.200221448 28849116.0
517 2 481.835995538 291.036563968 29998653.0
518 1 217.894860875 252.022157592 25295736.0
518 2 485.607380978 295.422236116 29577410.0
519 1 216.424591103 252.329761405 26447411.0
519 2 488.294377879 295.086345028 30957560.0
520 1 214.863629451 252.522630051 24537095.0
520 2 489.540747026 295.71350649 32184812.0
521 1 214.283778897 255.029733414 23270232.0
521 2 486.660518836 298.094614496 30824674.0
522 1 216.157695277 254.497295503 25073571.0
522 2 485.022368669 296.233580142 30957061.0
523 1 214.219889247 253.200703153 25862369.0
523 2 484.002763319 295.06449167 32503798.0
524 1 214.588864244 250.494177706 27433388.0
524 2 481.76853516 294.730947419 29514306.0
525 1 213.379974423 252.848997119 24928842.0
525 2 482.051864014 295.126018815 29893062.0
526 1 212.821016173 251.895035904 27308296.0
526 2 484.166836414 298.342693425 29721881.0
527 1 213.134431161 251.659312559 29115488.0
527 2 485.504976819 297.741216731 30388054.0
528 1 213.386975095 250.652067645 23937847.0
528 2 485.107640881 297.742402027 28891533.0
529 1 214.61878733 251.276735612 26218513.0
529 2 483.248299549 296.898718494 32215841.0
530 1 214.851330426 252.604281901 24707806.0
530 2 484.301199781 297.699859923 30255685.0
531 1 210.30286361 253.932759496 26344371.0
531 2 481.738578355 295.388224841 30831499.0
532 1 210.36483068 252.351073426 25938840.0
532 2 482.969941726 295.463629283 30014185.0
533 1 212.855167143 252.712552699 26708304.0
533 2 485.091284501 296.609520156 30239677.0
534 1 215.078596984 254.491000566 26647663.0
534 2 486.143146707 297.219521225 27382020.0
535 1 214.120217353 255.484268679 26201871.0
535 2 485.301833064 298.704697831 28850549.0
