data/ser/2021-06-07/03_34_00_pipp/step-1_fwhm-22.0-factor-60.0_radius-39.6.aperture_sum.ecsv
# %ECSV 0.9
# ---
# datatype:
# - {name: frame_id, datatype: int32}
# - {name: id, datatype: int32}
# - {name: xcenter, unit: pix, datatype: float64}
# - {name: ycenter, unit: pix, datatype: float64}
# - {name: aperture_sum, datatype: float64}
# meta: !!omap
# - {name: Aperture photometry results}
# - {version: 'astropy: 4.2, photutils: 1.0.1'}
# - {aperture_photometry_args: 'method=''center'', subpixels=5'}
# - {radius: 39.6}
# - __serialized_columns__:
#     xcenter:
#       __class__: astropy.units.quantity.Quantity
#       unit: &id001 !astropy.units.Unit {unit: pix}
#       value: !astropy.table.SerializedColumn {name: xcenter}
#     ycenter:
#       __class__: astropy.units.quantity.Quantity
#       unit: *id001
#       value: !astropy.table.SerializedColumn {name: ycenter}
# schema: astropy-2.0
frame_id id xcenter ycenter aperture_sum
[from data line 1077]
536 2 486.10069429 300.504839782 20771507.0
537 1 214.601617868 256.144632068 16099992.0
537 2 487.020334437 301.355413051 19745793.0
538 1 214.543509384 257.133523761 15779720.0
538 2 482.635798876 300.94308102 22260977.0
539 1 214.107725805 257.20402425 16167752.0
539 2 482.274800942 297.716503007 22143793.0
540 1 216.566901304 256.486602921 15778647.0
540 2 485.19692272 299.634236113 18781298.0
541 1 218.612923128 255.405001777 14828871.0
541 2 485.408000541 299.491534424 19474778.0
542 1 215.502284791 254.050839418 15266187.0
542 2 481.591644145 299.169083292 18725202.0
542 3 494.688173746 305.655899297 18615056.0
543 1 212.003077551 256.857047581 13996018.0
543 2 482.251474533 300.471733642 21379191.0
544 1 210.129393167 256.602478619 14494001.0
544 2 482.646301875 297.694355518 23336095.0
545 1 220.195552262 253.236470948 14502380.0
545 2 485.712258686 296.195771219 21463499.0
546 1 221.523161407 253.219114396 15621756.0
546 2 490.901869104 293.962910775 17064144.0
547 1 218.268264794 254.408460935 17202813.0
547 2 491.429721659 293.11644612 21059723.0
548 1 219.052918358 253.981655201 16149853.0
548 2 487.02639873 296.970378878 21327159.0
549 1 218.861655199 257.72865056 15671907.0
549 2 486.449707401 299.654190519 22490228.0
550 1 216.295037954 257.614678655 17325148.0
550 2 484.370383277 301.354892247 18597004.0
551 1 214.86464366 259.283966654 13516864.0
551 2 483.664038371 303.187863476 25668931.0
552 1 212.380443405 261.505886357 14113876.0
552 2 483.341242959 301.829660474 25053921.0
553 1 211.109430775 260.498025425 17307257.0
553 2 483.275689408 299.37666269 20874382.0
554 1 213.292789054 259.62251008 16079058.0
554 2 482.189427208 301.800236579 20999803.0
555 1 211.251899813 259.152868141 15667796.0
555 2 483.062021028 302.821653752 20071363.0
556 1 211.472726754 260.041195907 15437783.0
556 2 481.90560873 302.411796868 21548217.0
557 1 208.561905908 259.01308904 17289133.0
557 2 481.009165197 301.96500294 21396270.0
558 1 209.920007377 259.767064221 16048261.0
558 2 480.703303756 302.535161419 24912990.0
559 1 208.178254509 257.990752046 18413160.0
559 2 480.067744556 300.192615207 23251111.0
560 1 209.0945138 255.37631513 16650282.0
560 2 480.224715976 297.626316639 20279811.0
561 1 208.338736234 254.041275475 17877711.0
561 2 478.638829089 297.379082949 20718041.0
562 1 210.1139045 251.576285915 15329357.0
562 2 480.228412197 293.288070601 23689279.0
563 1 208.597594441 249.19817756 16315515.0
563 2 480.846526829 290.952204211 20669591.0
564 1 210.872410784 247.203162415 19887758.0
564 2 480.933225715 291.976110176 21279458.0
565 1 209.714728259 244.713814211 20173791.0
565 2 480.597942507 291.219792087 22657061.0
566 1 211.25828031 246.150887306 16160775.0
566 2 481.92563282 290.032025801 19539342.0
567 1 208.949120713 245.049117633 14874434.0
567 2 481.857978945 289.56295409 20706718.0
568 1 209.150929159 243.224763253 15448799.0
568 2 480.799040511 284.443185428 20425609.0
569 1 208.067423289 242.453920649 17244403.0
569 2 479.997747134 284.958404555 23217178.0
570 1 211.429818406 242.69162157 17488540.0
570 2 480.701485105 286.075325792 23943745.0
571 1 209.592921455 245.003973034 18466362.0
571 2 479.666282584 288.585665449 19342836.0
572 1 211.160014208 247.384946157 16799400.0
572 2 477.380539074 292.365067161 18982687.0
573 1 210.182014834 250.120791585 17409543.0
573 2 479.468689912 291.528867745 20752503.0
574 1 209.94587152 250.344634271 15368403.0
574 2 477.38568615 293.783578098 16325469.0
575 1 210.848135586 251.163109872 16616158.0
575 2 481.11377574 296.624872468 22138534.0
576 1 214.082387253 252.298961832 16388581.0
576 2 483.373786964 295.906981406 18955244.0
577 1 213.605337427 252.168119137 15508326.0
577 2 485.217726365 295.408274844 21009492.0
578 1 213.091542408 252.162407468 14001567.0
578 2 482.299497674 295.169572555 23204165.0
579 1 214.032009837 249.89431768 16306350.0
579 2 483.105978342 292.684639594 22742566.0
580 1 214.544520969 247.709946126 17611065.0
580 2 484.413323263 293.418711528 20213957.0
581 1 213.865610153 248.198002984 12626600.0
581 2 483.926495047 294.201765782 19671589.0
582 1 215.04951057 251.411071601 14986817.0
582 2 485.753529778 294.076877168 19556640.0
583 1 214.265804083 250.799793991 14890247.0
583 2 486.465303543 292.225572434 21222926.0
584 1 217.048714787 255.184050949 15454431.0
584 2 486.087992485 292.414601174 18517806.0
585 1 219.131072062 255.707099473 16443654.0
585 2 488.303791894 297.158383123 18846973.0
586 1 218.495583354 256.226103426 16189442.0
586 2 488.232880535 297.149544729 20765399.0
587 1 220.00947664 257.552566078 15208647.0
587 2 489.57727918 298.593072204 20502755.0
588 1 218.079817061 258.232485827 17946967.0
588 2 486.128242166 298.748841955 20546086.0
589 1 217.59352579 256.488717214 17539919.0
589 2 487.107803762 297.206938482 20671490.0
590 1 218.59723288 255.927012867 17201386.0
590 2 488.884670831 296.869427235 21501636.0
591 1 218.345440253 255.710212573 15047995.0
591 2 488.787661875 296.665584445 20704749.0
592 1 219.357525237 255.652563722 17792315.0
592 2 490.445179792 297.804597841 22553992.0
593 1 219.263069454 256.186686322 19294678.0
593 2 487.336442429 297.025617582 22079406.0
594 1 219.772978646 254.281707122 17558776.0
594 2 487.543144456 295.626697179 20991212.0
595 1 219.748822756 253.755135486 14990291.0
595 2 486.879404693 295.117063782 20682777.0
596 1 220.049222343 253.955452819 14315811.0
596 2 489.587725968 296.597762989 23422311.0
597 1 221.836657384 257.324027791 15737753.0
597 2 491.58255902 298.994563308 26011896.0
598 1 221.074250129 255.946680346 17636394.0
598 2 490.892832331 297.614045033 20679216.0
599 1 220.282567237 255.898697914 16414036.0
599 2 490.605612705 298.207083158 16123615.0
600 1 221.437977255 255.325588662 16468368.0
600 2 488.374129893 296.972175129 21983369.0
601 1 225.648057096 256.062690884 15463427.0
601 2 490.153735207 296.434300006 19717006.0
602 1 226.478848336 255.537597177 17226463.0
602 2 493.674372678 294.838610243 19635350.0
603 1 228.330146303 254.289068434 16398599.0
603 2 495.597375465 297.135283701 22800004.0
604 1 227.725251636 253.88089556 15215034.0
604 2 498.094153782 299.788624703 18879351.0
605 1 228.292970913 253.138010964 14848857.0
605 2 499.560028124 299.096309053 22212768.0
606 1 229.043796927 253.331053659 14702866.0
606 2 498.472717253 298.336885398 20800848.0
607 1 231.329553013 252.14023254 16570762.0
607 2 497.895922992 295.850304004 23840001.0
608 1 233.575414564 252.425655446 14755482.0
608 2 501.478361495 294.064929741 23108317.0
609 1 235.098170979 252.635320139 14894171.0
609 2 501.071050738 291.758506375 20432707.0
610 1 501.516672276 292.060468952 16546498.0
611 1 235.899101675 253.536390482 16520456.0
611 2 503.460420789 297.633145876 18490795.0
612 1 239.036259008 256.147711948 16976527.0
612 2 506.723311635 299.054604586 22410594.0
613 1 234.266350318 256.108018541 15869976.0
613 2 502.964223156 297.910915528 19322117.0
614 1 234.298842981 258.798199172 18542253.0
614 2 502.143796681 299.969792817 18765311.0
615 1 233.608413002 257.852022092 18307168.0
615 2 503.926775759 301.861696847 21616298.0
616 1 232.242546459 257.262742152 17055233.0
616 2 501.8843085 300.529695257 20366872.0
617 1 230.128363803 254.391413405 18293627.0
617 2 500.491959325 298.44501828 22445431.0
618 1 230.479083381 256.3726444 16786469.0
618 2 499.699005226 297.939633941 21182101.0
619 1 236.174863097 262.887788489 18944642.0
619 2 498.015031801 299.631922674 20643440.0
620 1 239.708365478 264.444703473 16429686.0
620 2 504.624222155 306.726403777 19870872.0
621 1 506.44052095 305.649977404 21919295.0
622 1 237.615725508 265.809368962 15838849.0
622 2 508.608933179 307.758714173 19218661.0
623 1 237.847817002 265.330334751 16762170.0
623 2 509.47855229 309.851243566 21123179.0
624 1 238.302793183 265.668402564 17417280.0
624 2 508.557385175 308.226711928 21191505.0
625 1 241.086105459 264.533590229 15280592.0
625 2 510.816811261 308.13219439 18592680.0
626 1 237.812392115 265.50156632 16723941.0
626 2 506.625354292 308.749808183 25399542.0
627 1 234.687555367 268.039547426 16024225.0
627 2 505.544282007 307.801406228 21895529.0
628 1 243.975080636 268.129198005 17720159.0
628 2 506.216871231 309.044522316 21061515.0
629 1 241.066309794 268.787268094 17580535.0
629 2 509.395111738 311.077339512 19003326.0
630 1 243.926351198 269.408475385 17610629.0
630 2 512.808658118 310.547732202 20401186.0
631 1 243.796559552 271.367453758 14235831.0
631 2 514.093803289 311.482103906 21694595.0
632 1 242.108145979 273.483180731 15984412.0
632 2 510.718787981 313.29903972 19493360.0
633 1 243.027698252 274.09945131 17587167.0
633 2 509.878030233 312.492877843 18266886.0
634 1 242.45907266 270.891590478 17494449.0
634 2 509.145507469 313.068920193 18324173.0
635 1 240.004638875 269.685999757 18731304.0
635 2 509.372418173 313.355372189 21464552.0
636 1 239.716141859 271.186711244 16046911.0
636 2 509.754128738 315.018154892 20192199.0
637 1 237.692085957 271.922568374 16338063.0
637 2 507.153308848 314.442288078 21893377.0
638 1 236.761371895 272.165138526 15334923.0
638 2 505.029265291 313.840859327 20184098.0
639 1 237.001390628 272.54969938 16410787.0
639 2 504.413417309 314.213075111 19651771.0
640 1 237.804729689 271.619218876 15977724.0
640 2 506.172033783 314.128213119 20049001.0
641 1 239.493730988 271.871690868 15548573.0
641 2 506.809861006 312.866977341 20034359.0
642 1 239.547354706 271.390134972 18354212.0
642 2 507.051812647 312.56105859 19847777.0
643 1 240.056297732 270.350646563 17406197.0
643 2 507.292551164 312.299290061 19623684.0
644 1 238.377605675 270.737613927 18549438.0
644 2 506.972006142 314.515911086 18687190.0
645 1 239.198262471 272.23190282 16253599.0
645 2 507.321208895 316.160916133 21868983.0
646 1 238.998367968 272.704529179 15547723.0
646 2 509.605634155 317.388586234 24307369.0
647 1 240.187098843 274.188327933 17245328.0
647 2 508.62811895 316.311321483 23085237.0
648 1 238.483010986 273.58168643 16580239.0
648 2 506.522912628 313.655461056 22096549.0
649 1 234.906671828 271.667678452 16837249.0
649 2 504.788746529 312.692192887 21631649.0
650 1 234.560298248 272.769306121 17279227.0
650 2 504.294076394 312.91774187 17868354.0
651 1 236.687490492 271.964813107 16642146.0
651 2 503.960902486 313.205941013 17012632.0
652 1 237.081523909 273.169155816 16629395.0
652 2 505.394719379 315.117320127 20040152.0
653 1 236.563308541 272.399000498 19858512.0
653 2 504.745590374 314.208843784 21575813.0
654 1 235.595307486 269.3982982 17791703.0
654 2 503.055474455 313.411861821 21091499.0
655 1 232.380335156 269.481429679 16114875.0
655 2 502.590768417 313.463727668 21802938.0
656 1 232.028773036 271.463059746 16014770.0
656 2 503.317063397 313.648216736 21678621.0
657 1 230.346865096 272.161662359 18647678.0
657 2 502.950331134 314.062958772 18864526.0
658 1 230.913048823 272.731636795 17504426.0
658 2 503.367051727 315.292832389 21825758.0
659 1 231.635620394 270.407047682 17501775.0
659 2 503.585873037 315.867054132 21865943.0
660 1 232.101109677 271.713774502 18262970.0
660 2 502.293153939 315.43599033 24637985.0
661 1 233.51195312 272.446586923 16866438.0
661 2 501.62644867 314.673252976 24274649.0
662 1 231.927482666 272.906227414 13618677.0
662 2 501.630626101 315.176738441 21200805.0
663 1 230.443723299 272.929706904 16156064.0
663 2 500.901110387 314.719894826 18000662.0
664 1 230.524859918 274.00533214 16209440.0
664 2 502.260400923 316.360490453 18739144.0
665 1 229.161648032 275.347418901 16239790.0
665 2 498.411059388 317.366456474 20901729.0
666 1 227.549663303 278.062056475 16559382.0
666 2 497.748790031 317.810149541 19115858.0
667 1 227.491939156 278.963803706 14744335.0
667 2 497.51494066 320.752076982 20568490.0
668 1 226.12717138 278.316151353 16776015.0
668 2 497.85826878 321.329672233 22173303.0
669 1 227.557857634 277.69896441 16842690.0
669 2 496.186185718 317.727762673 20641355.0
670 1 227.429590386 275.30082892 16021513.0
670 2 497.277280881 315.831393667 19380111.0
671 1 225.961060727 274.256040116 16913958.0
671 2 497.492963798 312.442669431 19641997.0
672 1 227.163742944 276.231083944 16975415.0
672 2 496.164592083 314.519392822 20079868.0
673 1 227.980330454 273.889434715 17304046.0
673 2 498.348863054 313.142786684 23319169.0
674 1 230.801282178 273.608177872 18590210.0
674 2 497.777012644 314.045240526 19793578.0
675 1 231.009196404 271.69448161 17252498.0
675 2 499.687369848 314.362052307 24127144.0
676 1 229.723984766 270.824413044 16540928.0
676 2 501.484821192 314.863457025 21530287.0
677 1 229.238046501 270.711760787 16652111.0
677 2 500.16606203 315.592183204 20207432.0
678 1 231.182317592 272.762759957 17552172.0
678 2 498.728248353 316.915036991 19826447.0
679 1 230.82902513 272.011648186 18195371.0
679 2 500.037227649 317.592529 23537026.0
680 1 229.854949123 272.230672746 15136768.0
680 2 500.767631028 318.722167034 19208370.0
681 1 232.179449455 273.590047626 15101702.0
681 2 501.790228874 317.820380914 20350628.0
682 1 235.754287142 275.020234789 16007505.0
682 2 503.817789424 317.654233587 22034350.0
683 1 234.5119059 274.896781097 18905334.0
683 2 504.933968405 318.370587657 19865637.0
684 1 232.916616829 275.923702161 18100656.0
684 2 503.739842212 319.786262892 20227686.0
685 1 231.241267309 275.228550453 17268464.0
685 2 501.582805931 319.768066009 20887185.0
686 1 229.127634772 276.669420406 14631833.0
686 2 500.14214871 319.250820805 19144944.0
687 1 229.663152465 279.390165559 15478449.0
687 2 500.552504257 322.733813878 20118302.0
688 1 227.999086651 281.518245189 15970853.0
688 2 500.472578705 323.429594266 25257500.0
689 1 230.046624381 280.267691898 17636535.0
689 2 501.109634169 321.573601903 21151775.0
690 1 228.731789121 278.957301952 16301754.0
690 2 503.700236911 321.036201434 22008349.0
691 1 229.488657928 278.701714652 15675389.0
691 2 501.071524299 319.773864126 21093229.0
692 1 229.315206806 278.618401892 16465959.0
692 2 497.65375485 318.160404128 20801271.0
693 1 230.849718273 278.537502563 17707929.0
693 2 497.815335542 316.586685368 22280068.0
694 1 227.926035805 275.344618375 15107865.0
694 2 498.086228155 316.506234957 21753874.0
695 1 231.138905461 275.734096062 15508083.0
695 2 499.495937346 315.996295697 22570217.0
696 1 232.054558545 277.102386338 15806645.0
696 2 501.516331226 319.620992586 22651494.0
697 1 232.549429182 280.299384688 15576206.0
697 2 500.233643841 322.711005574 19142479.0
698 1 231.09404409 282.333780682 15953246.0
698 2 500.581353517 324.342999463 22865504.0
699 1 233.482157982 281.257023503 13568374.0
699 2 502.186829081 323.141500559 21163572.0
700 1 232.934719271 281.135136983 16076597.0
700 2 502.662378186 324.01175303 23973670.0
701 1 237.869066844 282.506722774 16200008.0
701 2 505.495594024 327.081129718 20082463.0
702 1 240.319857838 281.811792525 13892452.0
702 2 509.649719971 328.314425578 21605618.0
703 1 239.930492979 279.844479807 15582023.0
703 2 509.1571402 326.4427692 19679926.0
704 1 238.570383349 278.308083117 18303735.0
704 2 506.63245763 322.885001765 17271948.0
705 1 235.323183548 276.454616373 17721606.0
705 2 503.572623445 319.30380749 22364996.0
706 1 234.531406793 273.329950914 19102915.0
706 2 503.472147883 318.357822788 21075549.0
707 1 231.958099946 273.806184488 15996590.0
707 2 503.446762275 317.044143457 25766593.0
708 1 235.161914088 275.280933364 18262103.0
708 2 504.006811 318.482336296 18541362.0
709 1 230.942406274 276.990412974 16445270.0
709 2 504.052110585 320.922462118 21149830.0
710 1 233.022644953 278.380066395 15467371.0
710 2 504.766089717 323.208093522 18361226.0
711 1 232.293671245 275.84203132 16843685.0
711 2 505.442763221 323.671396018 23360292.0
712 1 231.017737533 275.918229222 15453896.0
712 2 503.211620009 321.391189352 20434729.0
713 1 234.828802626 276.797389339 18002861.0
713 2 505.225417849 322.045189251 21314987.0
714 1 236.454665448 276.749478977 15911096.0
714 2 505.682538286 320.956916017 20252882.0
715 1 234.851933688 275.808842669 17480891.0
