data/ser/2021-06-07/03_34_00_pipp/step-1_fwhm-22.0-factor-60.0_radius-48.400000000000006.aperture_sum.ecsv
# %ECSV 0.9
# ---
# datatype:
# - {name: frame_id, datatype: int32}
# - {name: id, datatype: int32}
# - {name: xcenter, unit: pix, datatype: float64}
# - {name: ycenter, unit: pix, datatype: float64}
# - {name: aperture_sum, datatype: float64}
# meta: !!omap
# - {name: Aperture photometry results}
# - {version: 'astropy: 4.2, photutils: 1.0.1'}
# - {aperture_photometry_args: 'method=''center'', subpixels=5'}
# - {radius: 48.400000000000006}
# - __serialized_columns__:
#     xcenter:
#       __class__: astropy.units.quantity.Quantity
#       unit: &id001 !astropy.units.Unit {unit: pix}
#       value: !astropy.table.SerializedColumn {name: xcenter}
#     ycenter:
#       __class__: astropy.units.quantity.Quantity
#       unit: *id001
#       value: !astropy.table.SerializedColumn {name: ycenter}
# schema: astropy-2.0
frame_id id xcenter ycenter aperture_sum
[from data line 3544]
1772 2 421.776820001 360.455875633 24137975.0
1773 1 163.444254965 319.314501062 21331787.0
1773 2 423.505545646 363.004922703 24307992.0
1774 1 166.748063106 318.830844038 19736923.0
1774 2 424.110951391 361.294712179 24505903.0
1775 1 168.801604696 316.754400675 19315223.0
1775 2 427.078846391 357.436363672 26719854.0
1776 1 168.253600332 314.680552541 20633867.0
1776 2 429.572166315 358.419002637 24314499.0
1777 1 167.564873129 314.876195422 20911973.0
1777 2 429.13480375 358.288550848 26808501.0
1778 1 163.339986914 314.355694961 22538827.0
1778 2 428.807658808 358.941437166 25918602.0
1779 1 164.058411709 313.011662361 22123971.0
1779 2 424.378096041 355.297321449 26571494.0
1780 1 161.635662222 313.333972515 23449959.0
1780 2 422.227724815 354.482245907 27436184.0
1781 1 159.838495072 311.571301117 22581151.0
1781 2 421.854533673 354.42571029 23196513.0
1782 1 159.393143818 311.003017764 18931315.0
1782 2 421.271695656 352.936583997 24699903.0
1783 1 156.794507894 310.917336354 19501940.0
1783 2 419.843607872 353.653677971 23726065.0
1784 1 156.315163413 310.041315931 21585142.0
1784 2 419.257340149 350.949658035 25171484.0
1785 1 158.823715855 311.297202866 18882057.0
1785 2 420.15128866 349.955709503 27688242.0
1786 1 161.754785783 312.835990892 21629154.0
1786 2 421.595177284 353.335087762 23544016.0
1787 1 159.909098461 315.15408001 20237615.0
1787 2 422.675960179 354.938572866 25346205.0
1788 1 160.475272844 315.507575307 21448329.0
1788 2 422.010467362 357.729106216 25152968.0
1789 1 160.564114305 316.601316726 21272776.0
1789 2 421.705673536 359.264240946 23477578.0
1790 1 158.747369214 317.482357242 20923581.0
1790 2 421.263884974 358.03358165 27471684.0
1791 1 158.77774181 317.272867302 21198723.0
1791 2 419.314325036 357.793760651 24637607.0
1792 1 158.355206254 319.426619564 20575791.0
1792 2 419.178703996 358.836747129 27658134.0
1793 1 156.549694808 317.150033159 20237020.0
1793 2 419.62588737 359.328294635 29812875.0
1794 1 156.618576355 317.687375863 22874038.0
1794 2 419.215430596 359.320902828 30583401.0
1795 1 155.379933746 317.666327694 23034611.0
1795 2 418.360953348 358.539044773 25654160.0
1796 1 155.034592255 316.832682827 20849065.0
1796 2 417.613435683 359.4146608 26956130.0
1797 1 156.439075663 315.728197307 21662743.0
1797 2 416.041894985 357.526536246 28690655.0
1798 1 154.882303614 314.589489693 21492241.0
1798 2 416.257184855 357.027603911 29609820.0
1799 1 157.143197763 316.029705415 17079268.0
1799 2 416.218701005 356.857193954 24644641.0
1800 1 156.670627018 316.151634564 21284700.0
1800 2 418.148892431 357.18492578 24496791.0
1801 1 156.919402232 315.054105876 22625848.0
1801 2 418.578218222 355.29222049 27432992.0
1802 1 155.671701284 313.528303858 20964037.0
1802 2 415.42594831 354.525176034 25737644.0
1803 1 156.91455276 312.92408418 23425238.0
1803 2 416.494214708 354.897616992 23863159.0
1804 1 158.451507018 309.741725912 19125461.0
1804 2 416.932606296 353.059007215 27006108.0
1805 1 157.183469849 311.29997522 19415150.0
1805 2 418.228206588 352.465210788 24888581.0
1806 1 158.153669342 312.649776181 20622626.0
1806 2 420.237297592 353.948613088 26020464.0
1807 1 158.764154285 313.984266048 23185219.0
1807 2 422.386856861 358.462864716 25498605.0
1808 1 158.613048467 315.983324641 20870467.0
1808 2 421.038960973 356.528774839 28360708.0
1809 1 157.840429434 316.3837747 19455001.0
1809 2 419.944097897 354.10531058 25075894.0
1810 1 160.069938339 317.663404579 19643853.0
1810 2 421.352732348 355.162211852 24085835.0
1811 1 160.369685682 318.524025227 19920598.0
1811 2 421.338086178 355.886625611 26363103.0
1812 1 160.993577791 318.097919927 18728363.0
1812 2 422.247923599 357.713563489 25912556.0
1813 1 160.127100814 317.372596081 20363901.0
1813 2 422.538020366 357.469409133 26249046.0
1814 1 158.482808047 315.496259335 18354221.0
1814 2 419.83500844 356.678233603 23090394.0
1815 1 157.643811179 315.405330191 20194659.0
1815 2 417.519139937 355.9188566 25375573.0
1816 1 157.025951818 315.707063017 19983576.0
1816 2 416.738306587 356.05192356 24885900.0
1817 1 157.659743461 316.183656633 19805183.0
1817 2 415.538955533 357.10891543 24155101.0
1818 1 156.170551135 316.427600516 22844082.0
1818 2 415.935974213 356.953889941 26602332.0
1819 1 158.102280707 317.977976472 24251345.0
1819 2 416.967656585 357.699093729 24220517.0
1820 1 158.167171215 318.449978959 22536064.0
1820 2 415.830047652 357.792439275 27165708.0
1821 1 157.893827817 320.170781193 19629930.0
1821 2 416.047324514 358.508625766 25570957.0
1822 1 158.496367828 321.201711826 18481138.0
1822 2 418.182121962 361.419907469 24244057.0
1823 1 157.50636485 320.55843342 22324614.0
1823 2 419.167456439 360.985185735 26232559.0
1824 1 159.843752998 319.165120569 22447426.0
1824 2 421.520665939 360.653795324 26401618.0
1825 1 161.206740605 319.048312469 21703310.0
1825 2 421.561647909 360.792210586 25541739.0
1826 1 161.725840851 317.524849438 23732686.0
1826 2 423.054185947 361.288962264 27076961.0
1827 1 160.89143219 319.026878215 20607777.0
1827 2 422.426351032 362.779286071 24488846.0
1828 1 159.334305611 320.419807922 21026695.0
1828 2 421.126580498 361.411146282 25941425.0
1829 1 160.287356774 318.184670761 23914272.0
1829 2 423.603354368 357.858375371 25673578.0
1830 1 160.305365762 314.693745347 21975811.0
1830 2 423.05122228 359.014053026 27570812.0
1831 1 160.296782406 315.508067476 19505969.0
1831 2 421.914803333 360.158466931 25654213.0
1832 1 161.807943644 317.52892681 19536561.0
1832 2 423.015546852 359.607699228 26109849.0
1833 1 163.836752339 316.748144905 19987489.0
1833 2 422.854115696 357.017261563 27938873.0
1834 1 166.202052714 314.18806906 23060776.0
1834 2 423.998875444 355.063639496 25671246.0
1835 1 422.642034751 357.166562203 23393913.0
1836 1 161.496988121 315.33590077 21746801.0
1836 2 418.732727957 358.372976303 22557354.0
1837 1 157.263472038 313.025271534 22210824.0
1837 2 421.828897695 358.740132177 27735981.0
1838 1 159.288053007 314.871923125 19516328.0
1838 2 420.448454789 356.693816436 27855937.0
1839 1 161.751148554 314.831786878 20269261.0
1839 2 422.042105651 353.251582633 24095565.0
1840 1 161.481198804 311.859437023 22087675.0
1840 2 423.748545324 352.671825508 22853412.0
1841 1 161.311095937 310.464555369 19606091.0
1841 2 426.757770036 355.644870626 25922615.0
1842 1 166.263332898 315.51585666 20471155.0
1842 2 424.070804419 356.430963495 27646594.0
1843 1 160.226082946 315.543307068 20213281.0
1843 2 421.797754975 355.614326508 24796507.0
1844 1 163.790193798 318.750532837 21480257.0
1844 2 420.850002802 359.116886771 24955305.0
1845 1 163.121397151 320.79737636 21866359.0
1845 2 422.289778734 361.280901022 25373360.0
1846 1 163.596184696 320.474080291 23919276.0
1846 2 421.710725025 360.735811266 25139325.0
1847 1 165.893686633 319.778752458 20654978.0
1847 2 423.989819338 362.516421271 22695808.0
1848 1 166.860900355 321.444347147 19705868.0
1848 2 426.685030273 363.958554381 26943440.0
1849 1 169.969728028 322.693028612 21904807.0
1849 2 427.21074538 365.757589319 29842708.0
1850 1 167.522702041 322.551199842 22076364.0
1850 2 424.829078214 365.311728299 27478460.0
1851 1 166.426044177 322.917639921 21364090.0
1851 2 423.774645685 365.687922339 26460914.0
1852 1 166.805082701 324.359092259 23659817.0
1852 2 425.835664351 368.378737432 26883199.0
1853 1 165.82878058 324.236902279 21365592.0
1853 2 427.679876414 365.622379678 30742394.0
1854 1 166.03404682 323.977746651 21748238.0
1854 2 429.138301171 365.902192697 24012298.0
1855 1 168.760555465 325.335977929 22194927.0
1855 2 429.105568594 365.770732523 27179023.0
1856 1 168.484878556 325.728118338 20402233.0
1856 2 430.68136564 365.51393939 26549462.0
1857 1 172.742408548 325.132446583 20128331.0
1857 2 429.263748714 368.443678059 26603549.0
1858 1 172.111884146 325.750112728 18402374.0
1858 2 425.834278874 366.421601821 28570537.0
1859 1 164.285252947 323.089815736 20433174.0
1859 2 174.180538027 324.363858127 20424060.0
1859 3 419.422812535 362.001267192 25939876.0
1860 1 165.605076565 322.747948296 20647572.0
1860 2 423.837719413 362.509026595 26722105.0
1861 1 165.521123593 323.268509587 21338522.0
1861 2 424.229578758 362.757808515 26637976.0
1862 1 165.359351262 324.173629299 20473619.0
1862 2 425.018443376 364.248576198 25446791.0
1863 1 166.089117495 323.837834099 21026335.0
1863 2 427.833954938 367.069278812 24571968.0
1864 1 167.157143742 325.646575837 21276352.0
1864 2 426.977463076 367.295883754 27268563.0
1865 1 169.149699581 325.000825541 21621403.0
1865 2 426.988158545 365.73326094 26910811.0
1866 1 167.887338156 323.14044494 20791868.0
1866 2 427.933005068 365.18752849 23634161.0
1867 1 166.449534015 323.645558 19774518.0
1867 2 426.301544792 364.701282822 23150678.0
1868 1 165.068717141 322.639172394 19275516.0
1868 2 423.915987324 362.165539222 27884363.0
1869 1 163.928598391 322.656475879 21111682.0
1869 2 423.146892695 361.935565468 27625207.0
1870 1 163.320560255 322.56006443 23921785.0
1870 2 422.946134854 362.213059127 26003529.0
1871 1 163.484131092 323.006387064 21304807.0
1871 2 426.118476134 362.856545483 26195937.0
1872 1 164.208016465 321.262350032 22042801.0
1872 2 424.581611468 361.786376779 27222829.0
1873 1 163.604268442 323.294738912 19645978.0
1873 2 426.913022277 365.450790692 31970842.0
1874 1 165.797086576 324.459461794 22197878.0
1874 2 425.207728111 363.958259578 29095236.0
1875 1 166.561295463 322.26805849 23550503.0
1875 2 424.787101837 364.582376365 25286448.0
1876 1 163.666081266 321.602937538 21662505.0
1876 2 422.529784113 364.640788264 25314965.0
1877 1 162.251936366 319.89548046 20895833.0
1877 2 421.857210328 361.963596216 29950688.0
1878 1 161.009476761 321.154822151 19179460.0
1878 2 422.418542796 362.496096438 26249209.0
1879 1 163.477459805 325.506106664 19826241.0
1879 2 422.989083437 362.173948104 25760122.0
1880 1 163.167255812 326.684078992 21687026.0
1880 2 422.65484492 361.997539093 24867041.0
1881 1 161.241285088 325.340604531 23699918.0
1881 2 419.064461359 363.799445432 23474188.0
1882 1 156.649873575 323.795921749 21413816.0
1882 2 414.976961184 364.345143728 24751961.0
1883 1 155.657435276 324.527858071 20384743.0
1883 2 413.887109283 365.167679518 22849791.0
1884 1 155.786341361 324.315372245 19537643.0
1884 2 411.460934158 367.292558809 23865944.0
1885 1 155.500911046 325.215021411 22396245.0
1885 2 412.610937064 367.848134423 26378736.0
1886 1 154.485219743 324.815707522 21637076.0
1886 2 414.021550301 366.075785946 27595431.0
1887 1 152.769802853 324.238074452 22410633.0
1887 2 412.938823479 363.18387703 27041170.0
1888 1 150.914406866 320.304334541 20444613.0
1888 2 411.6844581 362.757231662 25578631.0
1889 1 151.568313722 318.490725605 21031076.0
1889 2 410.966915957 360.866387829 23905673.0
1890 1 150.155180304 316.885127582 19341511.0
1890 2 410.879329539 360.261274292 29422129.0
1891 1 153.312365424 316.620826767 22099228.0
1891 2 413.5541542 360.584246825 28335805.0
1892 1 153.607976416 320.157238086 20038268.0
1892 2 414.794312069 363.8435778 27255961.0
1893 1 155.573952892 322.576144456 21176475.0
1893 2 416.321230857 364.926923049 25956016.0
1894 1 158.866538785 323.757847574 21944473.0
1894 2 416.136939576 365.333991133 24746091.0
1895 1 154.701703003 322.724935673 23034306.0
1895 2 416.418284823 363.920542361 23344334.0
1896 1 155.522368845 322.030938708 21705199.0
1896 2 416.057821139 363.608205259 24833900.0
1897 1 156.063398018 320.780755973 20724994.0
1897 2 416.910475434 363.128194964 23710587.0
1898 1 155.603127581 320.745725838 20278789.0
1898 2 414.871428389 363.933483859 25308336.0
1899 1 155.391538227 321.125331982 21222270.0
1899 2 413.607446311 363.485902575 27580117.0
1900 1 154.790705215 320.449667972 23656669.0
1900 2 414.417032127 363.456526454 25039870.0
1901 1 153.929851644 320.565243553 21003859.0
1901 2 414.956624112 363.178999023 25336985.0
1902 1 155.251091892 322.830899612 21020381.0
1902 2 415.784508566 363.492195974 25253771.0
1903 1 156.89729913 324.374010748 19336131.0
1903 2 416.924806056 367.444777108 23397393.0
1904 1 157.55704735 325.270434189 19446605.0
1904 2 417.134672813 367.677175901 24214133.0
1905 1 157.811648934 322.453352892 23454823.0
1905 2 417.67618379 365.399990511 26346534.0
1906 1 156.259345501 320.37240085 20333302.0
1906 2 417.253886632 365.269470062 24613949.0
1907 1 157.515851907 321.590550242 22242319.0
1907 2 416.210023349 363.895021146 25025470.0
1908 1 156.87296738 322.056282229 21688919.0
1908 2 418.157857121 363.467754384 25203481.0
1909 1 157.632486136 323.301751977 19994429.0
1909 2 418.603827588 365.251301452 23992715.0
1910 1 159.753518361 322.802901757 20688326.0
1910 2 418.803644408 366.843402179 27071945.0
1911 1 160.741418747 325.974696476 22285202.0
1911 2 417.111863586 368.585344259 27744280.0
1912 1 160.54156945 327.609829606 23880534.0
1912 2 417.295487113 369.591488291 26123290.0
1913 1 159.720128836 327.183353368 25493172.0
1913 2 417.521444719 369.855126738 25439390.0
1914 1 159.830727395 327.667870114 22704788.0
1914 2 418.681557822 369.693027112 21935562.0
1915 1 161.844830275 330.111662794 19711451.0
1915 2 420.483194071 371.677753333 26083507.0
1916 1 164.192803105 330.482017959 20042389.0
1916 2 422.175660617 370.022415174 25072797.0
1917 1 163.405075897 329.560566127 25364126.0
1917 2 424.022611453 369.481623233 26812850.0
1918 1 163.095172932 329.749906586 21896250.0
1918 2 424.21093645 370.184592418 24717675.0
1919 1 163.91682829 331.213097381 21661197.0
1919 2 425.03819243 374.015127395 24879927.0
1920 1 164.163027663 332.913305265 23817008.0
1920 2 423.91232025 376.012515925 25645664.0
1921 1 156.892575566 334.349220117 19588240.0
1921 2 422.585523685 377.698614812 26444726.0
1922 1 161.989779327 334.486359373 19908348.0
1922 2 425.391836064 376.136978882 27806854.0
1923 1 164.846121938 335.010399927 22840214.0
1923 2 424.872371785 376.143042204 24649604.0
1924 1 166.734454843 336.30970143 22015829.0
1924 2 425.831071326 377.874995699 24042772.0
1925 1 165.157260237 334.476008875 22749684.0
1925 2 427.390266535 377.374283508 27770531.0
1926 1 166.12515524 337.072951535 19598274.0
1926 2 422.993542865 377.587790959 26627752.0
1927 1 164.945023694 337.452688575 21386309.0
1927 2 423.037844476 378.093729038 27140334.0
1928 1 165.503400919 336.654785797 21420896.0
1928 2 423.408339575 381.197497289 27981608.0
1929 1 167.300303312 338.168559299 19501098.0
1929 2 425.714050736 380.610097631 25562820.0
1930 1 167.242696134 335.814269182 21521132.0
1930 2 425.858342526 378.318934776 25432650.0
1931 1 165.010956261 332.325843363 20400332.0
1931 2 425.209025979 374.374469623 27442010.0
1932 1 163.222511751 331.463300354 21189318.0
1932 2 424.597653995 371.94526219 26305781.0
1933 1 161.165635559 331.682078782 20199991.0
1933 2 423.19949416 372.227870021 26604516.0
1934 1 161.412435961 331.112511133 20558811.0
1934 2 420.456516597 370.105996506 26240950.0
1935 1 160.371173299 331.891690899 21836030.0
1935 2 420.292231606 372.372737335 26085523.0
1936 1 158.359032953 333.694478653 22660113.0
1936 2 418.556768131 374.146979191 26996379.0
1937 1 157.174527896 333.004512356 21732689.0
1937 2 417.391535794 375.293411584 23773307.0
1938 1 159.534811078 335.748226936 20548480.0
1938 2 417.624322167 375.559221215 27731225.0
1939 1 157.170138334 334.330962581 23593691.0
1939 2 418.631808914 375.539808094 29016486.0
1940 1 426.254941294 380.036650714 28038479.0
1941 1 164.398214597 341.341038994 23215368.0
1941 2 424.891466317 381.567017672 28904853.0
1942 1 166.690708353 343.4832109 23433475.0
1942 2 428.080850981 383.913511261 26977541.0
1943 1 164.459269919 341.746311916 22512093.0
1943 2 427.652391302 383.038038048 28484227.0
1944 1 166.875104396 339.754902879 22491307.0
1944 2 426.855465521 382.086773081 26976899.0
1945 1 166.996690523 337.614883273 22413419.0
1945 2 429.761336453 380.060127928 23735776.0
1946 1 170.375731804 338.774982033 21394545.0
1946 2 432.147089772 382.82373465 25231756.0
