data/ser/2021-06-07/03_34_00_pipp/step-1_fwhm-22.0-factor-60.0_radius-22.0.aperture_sum.ecsv
# %ECSV 0.9
# ---
# datatype:
# - {name: frame_id, datatype: int32}
# - {name: id, datatype: int32}
# - {name: xcenter, unit: pix, datatype: float64}
# - {name: ycenter, unit: pix, datatype: float64}
# - {name: aperture_sum, datatype: float64}
# meta: !!omap
# - {name: Aperture photometry results}
# - {version: 'astropy: 4.2, photutils: 1.0.1'}
# - {aperture_photometry_args: 'method=''center'', subpixels=5'}
# - {radius: 22.0}
# - __serialized_columns__:
#     xcenter:
#       __class__: astropy.units.quantity.Quantity
#       unit: &id001 !astropy.units.Unit {unit: pix}
#       value: !astropy.table.SerializedColumn {name: xcenter}
#     ycenter:
#       __class__: astropy.units.quantity.Quantity
#       unit: *id001
#       value: !astropy.table.SerializedColumn {name: ycenter}
# schema: astropy-2.0
frame_id id xcenter ycenter aperture_sum
[from data line 8788]
4403 1 169.518961547 535.457129865 17605218.0
4403 2 411.305178373 574.020195947 19478317.0
4404 1 170.901337628 534.575515241 18587766.0
4404 2 410.78509286 576.020996134 19391920.0
4405 1 169.142241395 534.891494599 16073113.0
4405 2 411.287895877 575.394052465 17760544.0
4406 1 165.336797672 532.962456041 15467342.0
4406 2 410.562931785 574.25584356 19388168.0
4407 1 167.43560663 535.131785986 13201941.0
4407 2 412.04939259 575.413460404 19499128.0
4408 1 171.754641183 534.120211612 16165778.0
4408 2 415.533498314 574.043702254 19075114.0
4409 1 173.09402394 533.786740771 14588647.0
4409 2 414.468657577 574.617460773 19958571.0
4410 1 173.294248884 535.088535503 16985111.0
4410 2 415.524322007 575.263429934 22540322.0
4411 1 173.760403173 534.688790198 17004012.0
4411 2 417.206726616 574.452187161 21073695.0
4412 1 174.244398686 535.593271031 17943435.0
4412 2 414.205616229 575.67332112 22453444.0
4413 1 175.620393531 539.868782569 15900568.0
4413 2 418.105475382 580.121975978 22425312.0
4414 1 177.216131833 540.037308779 16651559.0
4414 2 419.110768647 578.753244914 21233634.0
4415 1 174.099542538 538.357522324 18192642.0
4415 2 417.731894781 580.121991274 19059796.0
4416 1 173.323888572 539.70175786 17841860.0
4416 2 416.10324496 579.370762613 20715016.0
4417 1 174.154957995 539.784364412 16941037.0
4417 2 414.721072808 578.735579101 23578138.0
4418 1 174.880756133 540.149284325 17335023.0
4418 2 415.995424144 580.313003221 21354800.0
4419 1 177.150613585 539.440352541 16628648.0
4419 2 419.791621651 579.926658295 22328927.0
4420 1 178.495864751 538.716991128 18499022.0
4420 2 419.832454806 578.678381596 22393322.0
4421 1 180.073626797 540.180047523 16416398.0
4421 2 420.639998471 578.419165845 20475893.0
4422 1 181.444064708 541.616414857 16598899.0
4422 2 420.287901066 581.049868537 22713145.0
4423 1 180.014609179 541.519545235 15186321.0
4423 2 421.599313098 579.333108133 19042191.0
4424 1 175.291934584 540.352326091 18163546.0
4424 2 418.628346053 580.773029104 21442187.0
4425 1 174.038026535 540.658428941 17637861.0
4425 2 417.776197956 581.183686701 20500388.0
4426 1 174.089715875 539.817258155 17330072.0
4426 2 416.130721265 581.774884368 19377248.0
4427 1 170.944330707 540.641960702 16767487.0
4427 2 414.087369333 580.541221168 21394670.0
4428 1 173.35152069 539.089305203 16173181.0
4428 2 415.355186754 578.124660388 21259269.0
4429 1 171.808393673 534.53554372 14783891.0
4429 2 412.131691276 574.909150128 19303348.0
4430 1 168.510790061 535.34007085 16614090.0
4430 2 408.205483064 573.906058863 20673763.0
4431 1 168.797777734 536.456587171 17606991.0
4431 2 408.457579864 576.197764659 20368293.0
4432 1 166.359089508 534.821341626 17081110.0
4432 2 406.815782442 575.666832634 21101820.0
4433 1 165.134032584 536.648275669 17947098.0
4433 2 406.27975406 577.692671972 21388960.0
4434 1 165.712300059 537.341404008 17019997.0
4434 2 408.193985145 577.05383815 24163693.0
4435 1 164.780117617 535.656386288 16136251.0
4435 2 407.917662334 573.943374782 18125730.0
4436 1 165.967607386 533.28811369 16718026.0
4436 2 408.708949766 571.98589225 20518622.0
4437 1 165.731273989 534.047103115 19410136.0
4437 2 405.844769092 571.77124037 19526021.0
4438 1 166.889922329 536.443626677 16097399.0
4438 2 408.932704307 573.570004366 20639649.0
4439 1 168.323317626 539.992088664 17853047.0
4439 2 408.836352766 577.852462776 19374610.0
4440 1 167.702086555 542.042234993 15534568.0
4440 2 409.812542749 577.489437737 20998691.0
4441 1 167.934576687 540.75998532 16970851.0
4441 2 411.531131179 578.661788753 19125277.0
4442 1 169.606632713 540.524475341 18663091.0
4442 2 410.284909305 581.04492571 18251327.0
4443 1 165.909102931 541.234534596 17304692.0
4443 2 407.83092578 582.717286054 20527384.0
4444 1 166.335921572 541.453340149 16672140.0
4444 2 407.879815636 581.258299443 20343629.0
4445 1 168.165227842 540.762129041 16450995.0
4445 2 411.759028797 580.713384306 20904148.0
4446 1 173.893861594 540.584526167 14921813.0
4446 2 414.654083307 581.02265017 21570491.0
4447 1 175.719360191 542.115426036 16712198.0
4447 2 415.7903778 582.053440353 19888763.0
4448 1 173.755488508 540.896796113 17446347.0
4448 2 413.994337784 580.003204266 21414920.0
4449 1 170.020216523 539.732276213 16713150.0
4449 2 413.256825795 581.063482048 24587030.0
4450 1 169.780071833 540.553767573 18170414.0
4450 2 414.277110383 582.331601251 22236432.0
4451 1 169.698945276 541.472322517 17257804.0
4451 2 412.737159939 581.708083675 23464431.0
4452 1 170.16979645 542.629720624 17291747.0
4452 2 411.829632089 581.655796659 19240537.0
4453 1 169.462730781 538.62311847 15551636.0
4453 2 412.767794827 579.97616323 19571648.0
4454 1 173.748904237 537.661273297 14680559.0
4454 2 416.380216931 577.046062077 18747913.0
4455 1 172.533160329 538.484407563 15626107.0
4455 2 415.902598635 578.080759193 20432966.0
4456 1 174.894890478 541.945607279 17909545.0
4456 2 419.027913679 579.953876724 20931928.0
4457 1 177.191911309 543.301612196 16601378.0
4457 2 419.739527855 581.59789092 20159516.0
4458 1 177.254805008 542.187069797 18312811.0
4458 2 419.441287145 583.788621618 20413945.0
4459 1 176.025582117 542.17322661 17789467.0
4459 2 416.923742011 582.283111239 17928289.0
4460 1 173.683660637 539.23913236 15201699.0
4460 2 415.388722962 579.392917169 18245125.0
4461 1 171.54865591 538.48501033 17018823.0
4461 2 413.603601489 579.056372327 18399462.0
4462 1 172.571764825 540.499423338 19088971.0
4462 2 414.593041773 581.356440732 20473298.0
4463 1 174.831973583 542.400544149 17121842.0
4463 2 415.629392577 581.501267123 20966480.0
4464 1 177.568434208 541.972105177 15953449.0
4464 2 418.790642346 580.961280305 21399949.0
4465 1 178.772938905 544.407244328 17204697.0
4465 2 421.021200827 584.003453229 20348032.0
4466 1 176.700353053 546.236307045 16381851.0
4466 2 419.877195071 586.404803734 21972480.0
4467 1 178.758844037 546.43950684 17101253.0
4467 2 419.905870698 585.543536269 22107270.0
4468 1 185.84651913 546.835140862 14324633.0
4468 2 423.320024509 584.968320516 20732320.0
4469 1 184.77006398 543.787756744 16916854.0
4469 2 424.459600449 581.789871693 20163661.0
4470 1 180.975888734 542.83141326 19450447.0
4470 2 421.976863214 580.098661637 20026703.0
4471 1 177.145492829 540.908140924 16778405.0
4471 2 419.614411622 579.605338673 17781336.0
4472 1 176.232510227 542.83340267 15973421.0
4472 2 418.622259877 581.938666629 19470121.0
4473 1 175.761604432 545.941047353 17108141.0
4473 2 417.583181909 585.47086112 20337329.0
4474 1 175.137995386 544.519479224 15031026.0
4474 2 415.792579633 585.81548604 21141103.0
4475 1 173.165830859 542.323392322 18741026.0
4475 2 415.267789054 585.009247028 18895730.0
4476 1 172.629809931 542.797439177 15733431.0
4476 2 416.74576188 585.064455907 18209251.0
4477 1 174.732994561 541.256472896 15310964.0
4477 2 418.615958034 583.012910078 21662123.0
4478 1 174.800852159 540.182821676 17813549.0
4478 2 419.036998599 582.573832919 22451840.0
4479 1 173.065295473 541.099028701 15671931.0
4479 2 416.72033441 583.226573941 21658920.0
4480 1 172.705964799 542.133122461 16088743.0
4480 2 414.929483722 581.956262677 24919271.0
4481 1 172.378837728 546.004724103 18390397.0
4481 2 412.672901997 583.486597201 20739521.0
4482 1 173.540626978 546.189695177 18205448.0
4482 2 414.842496404 584.177129175 19775781.0
4483 1 172.839721677 545.366268756 17020298.0
4483 2 413.604104885 585.781092978 18574070.0
4484 1 174.244591359 544.997256499 16748537.0
4484 2 415.539790531 585.909829072 20654413.0
4485 1 173.497230874 543.45968326 17337940.0
4485 2 414.400370931 585.50959434 19867712.0
4486 1 170.948566098 545.280243949 16578741.0
4486 2 411.395312945 585.152043285 22962900.0
4487 1 170.415997298 546.994037344 17170939.0
4487 2 411.405486448 587.326640269 19762132.0
4488 1 169.486506451 549.502694461 16442868.0
4488 2 410.237517811 588.21655074 19674253.0
4489 1 168.224721227 548.27692843 17818543.0
4489 2 409.07159745 587.987709377 21097491.0
4490 1 168.228107392 549.74181265 17372573.0
4490 2 409.399011832 588.428307013 22085606.0
4491 1 168.65865848 548.612104836 15959278.0
4491 2 408.356501712 586.8839219 21921366.0
4492 1 166.012129147 546.860942015 16617798.0
4492 2 406.302907548 584.836937741 21905377.0
4493 1 165.832284738 547.156035728 15277782.0
4493 2 405.662537621 585.597982437 20577056.0
4494 1 166.612914186 546.639909473 18733155.0
4494 2 407.341784266 585.847516911 18957120.0
4495 1 167.077001539 545.257799141 16140598.0
4495 2 405.706994843 585.362765655 19499220.0
4496 1 165.478240392 544.785575071 18576501.0
4496 2 404.361881148 585.505491885 20631765.0
4497 1 164.128005131 544.895937193 17842967.0
4497 2 404.456635467 583.796696977 21152669.0
4498 1 165.675705108 545.501065451 18020698.0
4498 2 404.166084531 584.318709504 20208553.0
4499 1 163.575345941 545.462531615 17690595.0
4499 2 404.948990643 584.920754681 19855001.0
4500 1 164.215582295 546.971552143 17545119.0
4500 2 403.863466581 586.774582648 20090824.0
4501 1 164.132713684 547.695277782 17540585.0
4501 2 405.632452667 585.393977497 19095427.0
4502 1 163.087756094 545.969889774 16377329.0
4502 2 405.116098241 583.778441136 21426314.0
4503 1 164.186147612 544.490363358 17139794.0
4503 2 406.360811546 582.63499593 20252761.0
4504 1 162.77448189 543.525995394 18774449.0
4504 2 404.462315483 581.840698254 22411913.0
4505 1 161.403902 541.294206688 17607610.0
4505 2 402.324951516 580.401599166 21537328.0
4506 1 164.509954352 541.783075426 16547269.0
4506 2 404.653691528 581.447289226 22926857.0
4507 1 162.883835258 543.207570869 16642190.0
4507 2 406.695418992 584.314767343 21191982.0
4508 1 164.175884857 543.136086166 17526046.0
4508 2 406.131283945 583.201468444 20039367.0
4509 1 164.262598896 541.508207537 18613091.0
4509 2 403.071904359 582.830411879 21556335.0
4510 1 162.923190796 543.128122066 15546082.0
4510 2 402.905137262 582.786373175 22183799.0
4511 1 160.090011001 541.667871024 16675852.0
4511 2 402.65017731 582.31925661 20353875.0
4512 1 161.635037344 544.212016133 17338614.0
4512 2 402.035442327 585.648923925 22136315.0
4513 1 161.090405229 543.116365181 16851411.0
4513 2 403.35070307 585.052827197 22782047.0
4514 1 163.101691133 541.466823918 18441912.0
4514 2 404.708007096 582.709742563 19528197.0
4515 1 162.078896144 540.79892793 16933595.0
4515 2 403.8542136 581.400211121 17999728.0
4516 1 162.813228168 542.818599895 16721217.0
4516 2 403.6564888 581.570120109 17766938.0
4517 1 159.504510489 542.477736399 16957546.0
4517 2 400.037140643 582.475852188 20692770.0
4518 1 160.414988774 543.775816548 17230310.0
4518 2 398.931410848 582.870869418 20691137.0
4519 1 160.331867741 543.656967834 17438032.0
4519 2 401.44372181 584.996960578 18599961.0
4520 1 159.549397834 544.404803212 16761599.0
4520 2 399.889012419 585.491072584 20958847.0
4521 1 154.796061915 545.834045771 17539957.0
4521 2 397.882739405 584.900816049 19982179.0
