data/ser/2021-06-07/03_34_00_pipp/step-1_fwhm-22.0-factor-60.0_radius-57.2.aperture_sum.ecsv
# %ECSV 0.9
# ---
# datatype:
# - {name: frame_id, datatype: int32}
# - {name: id, datatype: int32}
# - {name: xcenter, unit: pix, datatype: float64}
# - {name: ycenter, unit: pix, datatype: float64}
# - {name: aperture_sum, datatype: float64}
# meta: !!omap
# - {name: Aperture photometry results}
# - {version: 'astropy: 4.2, photutils: 1.0.1'}
# - {aperture_photometry_args: 'method=''center'', subpixels=5'}
# - {radius: 57.2}
# schema: astropy-2.0
frame_id id xcenter ycenter aperture_sum
[from data line 6340]
3177 2 405.061436297 470.830006947 35376960.0
3178 1 153.989654192 432.135119175 32616947.0
3178 2 406.287577746 473.224372826 38046248.0
3179 1 154.930341709 432.820773005 32022145.0
3179 2 406.304551921 475.087730777 37502667.0
3180 1 155.998354658 436.255593461 30312217.0
3180 2 407.165305025 473.505716152 35148576.0
3181 1 156.087384978 436.308894131 32195969.0
3181 2 407.968884739 474.232639774 36665626.0
3182 1 157.01189725 435.43332652 34339622.0
3182 2 407.658236265 476.717251327 35600669.0
3183 1 156.540789125 437.275538141 33113356.0
3183 2 407.126984462 474.710660089 40647510.0
3184 1 155.149741666 434.986012633 33324064.0
3184 2 407.787788244 475.475232587 35943948.0
3185 1 156.999357654 434.629410723 34046373.0
3185 2 407.34310953 478.096252724 35058406.0
3186 1 156.505550195 437.476858704 30978790.0
3186 2 408.34406488 479.965600194 36399288.0
3187 1 157.351164052 437.952250004 31661572.0
3187 2 408.845391354 479.541303851 36645619.0
3188 1 156.904924285 438.373738882 31820145.0
3188 2 409.124759112 479.916897535 35309515.0
3189 1 154.805538803 436.027177147 31303325.0
3189 2 406.261329632 478.08633365 33735312.0
3190 1 153.78327129 434.525198296 30560724.0
3190 2 405.958149261 476.789102199 35327976.0
3191 1 151.803558162 434.453955241 33194550.0
3191 2 403.558572115 475.585916432 34513858.0
3192 1 150.316005016 433.18705503 34046742.0
3192 2 402.794153092 475.138144019 36902979.0
3193 1 152.529801254 433.397122364 32947189.0
3193 2 401.165856187 474.131122139 35184443.0
3194 1 152.009815313 433.341269987 31517391.0
3194 2 402.973122007 475.722598053 37909817.0
3195 1 152.827034331 433.216421915 33219145.0
3195 2 403.75049049 475.401435126 39943053.0
3196 1 152.218411785 433.940979852 30242183.0
3196 2 402.87289466 477.252504461 38255255.0
3197 1 150.395739136 433.320576762 31771894.0
3197 2 401.1759199 475.780693807 35588611.0
3198 1 151.089625928 433.655772431 32763873.0
3198 2 400.470343705 475.83714414 34745470.0
3199 1 153.67807907 435.850492072 33672093.0
3199 2 403.929806461 478.320472344 39093457.0
3200 1 152.622240173 437.349380548 32122836.0
3200 2 403.132258651 478.421552164 41332283.0
3201 1 153.580002913 437.614295118 32087908.0
3201 2 402.678039407 477.606573976 36636197.0
3202 1 152.958805291 435.38512229 30642384.0
3202 2 402.473764784 476.238556252 34981939.0
3203 1 153.441362992 435.729186027 31240802.0
3203 2 402.301676803 476.474275795 37735354.0
3204 1 154.009557777 435.845133059 32833476.0
3204 2 403.254784847 474.941993782 36015653.0
3205 1 151.150627405 435.402880787 34572382.0
3205 2 401.86547249 474.542330322 35914841.0
3206 1 150.51307719 436.865774561 32205019.0
3206 2 400.659876521 476.703768421 34208021.0
3207 1 149.805755859 437.847365915 32568213.0
3207 2 401.634367008 477.308156718 39986659.0
3208 1 148.296586472 435.907822261 31485848.0
3208 2 401.80096259 475.633613261 37792453.0
3209 1 148.092647326 433.743762227 33316553.0
3209 2 401.74548546 475.335392633 35420548.0
3210 1 149.162106446 432.576859334 32128987.0
3210 2 401.291137391 475.094792378 38094881.0
3211 1 147.18194053 429.969941281 33785256.0
3211 2 399.085528461 472.759947975 37403630.0
3212 1 146.772067738 430.750324632 32356922.0
3212 2 401.277272452 474.391136751 36174130.0
3213 1 150.016022648 432.54172274 32920073.0
3213 2 401.73394007 473.956221048 39508767.0
3214 1 148.533706772 435.225617471 32265622.0
3214 2 401.168364715 475.119750254 34737090.0
3215 1 145.145139471 434.20633674 32992361.0
3215 2 400.342454098 475.037470628 35592847.0
3216 1 148.942331013 435.180740757 34309637.0
3216 2 401.271022094 475.460186439 34583510.0
3217 1 148.874489923 435.411613715 31037631.0
3217 2 400.329400587 475.0454961 35596599.0
3218 1 148.981749014 436.54716807 31099039.0
3218 2 400.943418068 476.051078224 35461077.0
3219 1 149.162518721 438.157182774 31663427.0
3219 2 400.883397655 476.298617869 34799759.0
3220 1 149.596231782 438.511052201 32895503.0
3220 2 401.655746179 476.712097123 36336809.0
3221 1 149.880894746 438.330708609 32713820.0
3221 2 399.305155191 478.745674145 36069261.0
3222 1 148.197468099 439.452131345 32725110.0
3222 2 398.401936406 478.664288979 36346653.0
3223 1 149.614959454 437.551705833 31913982.0
3223 2 399.277483965 478.107383043 35648118.0
3224 1 150.681265905 436.226469522 31795876.0
3224 2 401.519117366 476.230038859 37464526.0
3225 1 152.314556668 437.436788053 31598906.0
3225 2 403.813237903 477.270474006 36704457.0
3226 1 155.086165538 438.172898 34107360.0
3226 2 404.077548681 477.83561703 36207628.0
3227 1 153.748987736 438.339161077 31490938.0
3227 2 403.086143967 476.861343347 37829370.0
3228 1 152.740863447 437.170456567 31724484.0
3228 2 401.97935833 476.333325647 37571709.0
3229 1 153.909770417 437.792493937 33130284.0
3229 2 404.330613494 477.797031999 39086095.0
3230 1 153.306507738 437.633050804 31600482.0
3230 2 404.065151327 478.697680349 37166442.0
3231 1 153.004268319 437.195699734 32967576.0
3231 2 404.148320029 479.140261098 36452126.0
3232 1 154.844879185 438.402051898 32281367.0
3232 2 405.030516514 477.892180081 36453036.0
3233 1 155.680483349 436.011252229 32343773.0
3233 2 403.487960944 475.736988446 38701174.0
3234 1 152.100110868 436.708137154 31496955.0
3234 2 401.495675415 476.598482665 34775760.0
3235 1 152.221816754 439.277774445 33073117.0
3235 2 403.296669342 477.92761524 35132824.0
3236 1 150.939707826 437.273833617 33405909.0
3236 2 402.51199253 479.647471051 38606008.0
3237 1 150.278437165 436.804749599 33347628.0
3237 2 403.481866469 480.23819482 34599877.0
3238 1 151.292609721 435.431130843 30087800.0
3238 2 402.822903993 478.405593824 35284271.0
3239 1 152.998511525 436.744776358 31842998.0
3239 2 402.779541116 476.609719304 37402523.0
3240 1 154.576529704 439.815367711 31871169.0
3240 2 403.501933003 477.865416036 34967582.0
3241 1 156.92080137 439.874759557 30513157.0
3241 2 406.293504951 480.248451181 36749028.0
3242 1 157.295187033 440.81487887 31046044.0
3242 2 406.848955599 479.813638187 39523456.0
3243 1 156.071540796 439.585264787 30192193.0
3243 2 406.25042399 478.969840575 38414426.0
3244 1 154.909369902 438.231874476 31917406.0
3244 2 405.567315154 477.860307271 35155649.0
3245 1 155.689789121 439.22591418 32515660.0
3245 2 406.639513599 479.336179418 36801574.0
3246 1 154.811352863 438.801120092 32621722.0
3246 2 405.951605511 479.38723649 39122674.0
3247 1 155.510809615 439.752660213 29693629.0
3247 2 406.837840599 480.175006058 40473107.0
3248 1 155.497183092 440.49547881 31075926.0
3248 2 407.372875516 478.819733689 37284050.0
3249 1 156.639241708 439.147502726 33423455.0
3249 2 407.732154628 480.158407223 38100025.0
3250 1 156.565630493 439.402301195 33758961.0
3250 2 409.012838218 478.994808517 35617480.0
3251 1 159.695776193 437.410065958 30656436.0
3251 2 410.065323714 477.982900112 40173888.0
3252 1 157.235706426 436.411682469 32568204.0
3252 2 406.540278984 477.666800367 34842712.0
3253 1 156.300665424 437.578843179 32316176.0
3253 2 406.727305779 480.149767392 35821538.0
3254 1 157.4660905 438.940088385 32057688.0
3254 2 407.812248907 479.617485765 37061782.0
3255 1 157.207197565 437.900980723 30256092.0
3255 2 409.463431932 478.44770935 37407360.0
3256 1 157.248914829 438.671718117 33734469.0
3256 2 407.730463503 478.67561496 38555860.0
3257 1 157.269163082 438.141424922 36209698.0
3257 2 408.397219606 478.075735486 39657779.0
3258 1 157.378184554 437.174799881 31890743.0
3258 2 407.783517904 477.904714387 40981990.0
3259 1 155.797159382 437.0329075 32298374.0
3259 2 406.570418945 480.620382085 37220224.0
3260 1 155.836012151 439.037358429 29557641.0
3260 2 407.45378169 482.164044009 36255295.0
3261 1 157.877347724 440.593210373 33124093.0
3261 2 406.342882579 480.020923208 36727946.0
3262 1 158.770160592 440.250151675 31876184.0
3262 2 408.966426389 481.70079835 38067563.0
3263 1 158.888204818 439.427187319 31696006.0
3263 2 409.399466256 482.35980882 37026038.0
3264 1 157.298272905 442.707845831 31990672.0
3264 2 408.539574053 482.748184353 38220621.0
3265 1 156.3494874 442.285189857 34055832.0
3265 2 405.31568348 480.639957896 37726353.0
3266 1 154.884904375 439.68031632 32270284.0
3266 2 403.503752879 481.591770844 35188432.0
3267 1 155.990694859 438.878541922 31592975.0
3267 2 404.917411705 479.894912932 37099719.0
3268 1 154.829679546 438.629197759 35544910.0
3268 2 403.679907274 480.135498718 36632712.0
3269 1 154.055587651 437.482294327 31255336.0
3269 2 403.909770894 479.654230966 35667349.0
3270 1 154.6334711 436.820863634 33420402.0
3270 2 405.753622699 480.213288128 34707731.0
3271 1 155.685908448 435.209790539 33358242.0
3271 2 404.06152916 479.37157327 39022374.0
3272 1 157.837827533 438.066642723 32838563.0
3272 2 408.064328462 480.691154426 38046760.0
3273 1 159.937016083 439.542784934 35303356.0
3273 2 407.971757044 479.115021522 38828843.0
3274 1 159.145989173 437.657098139 34213459.0
3274 2 407.798323816 479.499626261 38491949.0
3275 1 156.059609523 437.776938922 31342689.0
3275 2 404.606118825 479.20096707 37941287.0
3276 1 159.874129166 437.789376265 31071688.0
3276 2 406.377617782 479.85828495 35110241.0
3277 1 158.511291195 436.179803844 32187826.0
3277 2 407.421874638 478.365364116 41577615.0
3278 1 159.720815784 435.409252381 33206538.0
3278 2 409.997545193 477.113571904 38580747.0
3279 1 162.388440994 434.982327688 35546248.0
3279 2 415.304733242 476.660531297 37350596.0
3280 1 163.912564731 435.891356301 32993120.0
3280 2 416.087892007 475.507772936 38572010.0
3281 1 163.770230676 435.030630949 34303397.0
3281 2 414.933571004 476.083988434 38243987.0
3282 1 161.590149223 434.156163906 32715289.0
3282 2 412.709993526 475.039144131 35721280.0
3283 1 160.59263018 429.612943935 32952222.0
3283 2 410.25605948 472.223303018 38671674.0
3284 1 159.474385509 426.629945274 32553489.0
3284 2 409.010223529 469.217620037 35785581.0
3285 1 158.273228431 426.084596472 33061259.0
3285 2 406.547989868 469.114245346 34565990.0
3286 1 157.028337219 427.627509906 30739701.0
3286 2 406.381982581 472.156704058 33353756.0
3287 1 155.622535427 434.429731256 32132867.0
3287 2 402.352937976 473.124781175 32316342.0
3288 1 153.515340554 436.454777228 31527050.0
3288 2 405.284217987 477.202533089 36833014.0
3289 1 150.485781053 436.785160906 31077930.0
3289 2 403.544645915 475.599170739 37343280.0
3290 1 155.759403937 435.662833219 32390911.0
3290 2 405.989585565 475.639803933 34760828.0
3291 1 152.525092795 436.216963429 35144580.0
3291 2 403.36698067 476.192782411 37058208.0
3292 1 149.549928229 437.040200646 33119592.0
3292 2 401.245241547 477.077364356 39169180.0
3293 1 150.280647256 436.890853988 31941960.0
3293 2 401.207430498 478.664202738 39529889.0
3294 1 151.450265731 436.35770318 32558885.0
3294 2 401.218584599 475.918571138 37873919.0
3295 1 149.841159874 434.835273577 31424686.0
3295 2 400.072416932 476.037004475 38357161.0
3296 1 149.18809368 436.824906632 32570097.0
3296 2 399.645939846 478.383722489 37363135.0
3297 1 150.511948511 437.673497644 34121360.0
3297 2 402.100773673 480.660058997 34034351.0
3298 1 151.596048321 437.959988594 33986544.0
3298 2 403.280047956 480.225305256 38192370.0
3299 1 151.665805114 436.674676722 35379900.0
3299 2 402.330446247 480.305937219 37356320.0
3300 1 150.929593291 435.980275869 32930418.0
3300 2 402.291386173 478.647277792 38797870.0
3301 1 150.848115337 436.130309373 30649457.0
3301 2 401.706190278 479.001442122 38200804.0
3302 1 149.779026824 438.115386065 30851145.0
3302 2 400.665138674 480.568414866 37666121.0
3303 1 150.371144288 439.337579477 32536981.0
3303 2 399.691679311 478.165860453 36720913.0
3304 1 151.027237486 439.107800326 34378749.0
3304 2 400.495345646 479.11498161 36937212.0
3305 1 149.735399646 437.97662891 31064716.0
3305 2 402.167562415 476.548109827 37361550.0
3306 1 150.483401927 437.553050217 31402877.0
3306 2 402.254184234 479.513847264 33678044.0
3307 1 155.255788089 441.792012342 31779412.0
3307 2 401.442959566 484.423675704 35844279.0
3308 1 155.677602291 442.750408691 33428675.0
3308 2 404.043710526 483.111502997 37216478.0
3309 1 155.669062851 443.023748105 32594685.0
3309 2 402.835162492 482.63445324 37709611.0
3310 1 157.179699521 442.499308358 31854005.0
3310 2 401.998076483 484.084023729 35297346.0
3311 1 152.978558425 442.337573433 31968107.0
3311 2 402.858957486 486.097271569 37569643.0
3312 1 157.076116073 444.335954912 32320246.0
3312 2 399.681269995 484.806738412 39820650.0
3313 1 154.605916923 443.208061521 33865869.0
3313 2 399.922696242 484.637962136 37454702.0
3314 1 151.549726831 443.371648544 31799003.0
3314 2 400.310659644 483.037514707 36797266.0
3315 1 151.765859316 442.851584153 31598772.0
3315 2 400.558999015 482.246977848 36658973.0
3316 1 153.142926057 443.218878211 32783953.0
3316 2 401.38086985 483.690028487 36875527.0
3317 1 151.753710025 445.451387603 32558798.0
3317 2 400.951159189 485.497224861 36280468.0
3318 1 152.502416038 446.84589562 32620113.0
3318 2 401.86256234 486.923923119 38325281.0
3319 1 154.240751062 446.498737507 31816327.0
3319 2 403.73618397 488.963611356 34948056.0
3320 1 151.441655617 447.065598396 31764983.0
3320 2 403.538695228 486.727757413 40357889.0
3321 1 152.629762915 448.459323066 31760304.0
3321 2 400.35752588 484.733393207 37720866.0
3322 1 152.616673129 449.118351667 31521262.0
3322 2 404.135282243 488.330631316 37281933.0
3323 1 156.732411182 450.604763824 30865398.0
3323 2 406.263292837 490.790235846 33369563.0
3324 1 157.109342273 450.545939652 31412900.0
3324 2 407.355207666 491.373138279 36878886.0
3325 1 158.093845436 449.349493226 32594375.0
3325 2 406.221894024 488.469957313 38084773.0
3326 1 158.431122992 447.98715446 30756744.0
3326 2 405.903045552 485.911220653 39046561.0
3327 1 157.430174417 444.616188544 33020339.0
3327 2 405.773983339 485.326285852 36447214.0
3328 1 157.275170621 445.283084796 33625033.0
3328 2 406.889607919 487.543662385 34590351.0
3329 1 158.016138121 446.139895031 33765044.0
3329 2 407.21119127 486.74138125 34277948.0
3330 1 157.450887569 447.447244958 34825382.0
3330 2 408.892758023 488.022330333 35244303.0
3331 1 159.153575409 447.408072881 32291977.0
3331 2 408.845584994 488.986769344 38155665.0
3332 1 157.145222647 447.669334355 31616727.0
3332 2 407.786257664 488.234730946 37923563.0
3333 1 158.189622133 447.100526907 32698261.0
3333 2 409.368891902 486.579363312 37537895.0
3334 1 156.535752261 444.172973554 33589114.0
3334 2 408.027139703 483.933118911 40231945.0
3335 1 157.195495322 442.891313739 33205301.0
3335 2 409.001941783 483.3293901 39058451.0
3336 1 157.865898078 444.572742669 31058687.0
3336 2 408.563945763 481.599520349 39259690.0
3337 1 156.851133156 444.131547922 33145377.0
3337 2 407.289697171 481.681009829 38170957.0
3338 1 155.709722922 442.265592165 34916933.0
3338 2 405.497862743 482.265300372 41107569.0
3339 1 155.620967418 441.207863449 35186566.0
3339 2 403.033905686 482.538745191 38318058.0
3340 1 156.279078113 440.597921995 33597868.0
3340 2 405.028875976 483.279624303 37525633.0
3341 1 154.444410751 440.783652941 31525981.0
3341 2 405.040616899 484.039831385 38194383.0
3342 1 156.675056924 442.673639515 34016140.0
3342 2 404.192197305 482.307157231 37861262.0
3343 1 155.551643499 442.18746905 34498115.0
3343 2 403.500308327 482.767725877 37454496.0
3344 1 155.947689023 442.681092715 33782681.0
3344 2 403.223181088 482.838139388 36577122.0
3345 1 155.377762664 441.50278175 33630132.0
3345 2 402.408807058 483.628541038 37474743.0
3346 1 153.914408014 441.728631999 32163128.0
3346 2 404.270668153 483.994539709 34823610.0
3347 1 154.974259365 440.015331635 33579641.0
3347 2 404.725195575 481.866436196 37286916.0
3348 1 155.116698091 438.760552357 33262629.0
3348 2 403.078435507 482.097787746 37598034.0
3349 1 155.505207507 440.173195481 33617245.0
3349 2 403.422596951 480.493005341 38468013.0
3350 1 153.619136161 439.309542483 32412821.0
3350 2 403.816384548 479.747540386 38026242.0
3351 1 154.702051515 440.231004158 32384660.0
3351 2 404.564479388 480.741880189 38030095.0
