data/ser/2021-06-07/03_34_00_pipp/step-1_fwhm-22.0-factor-60.0_radius-83.6.aperture_sum.ecsv
# %ECSV 0.9
# ---
# datatype:
# - {name: frame_id, datatype: int32}
# - {name: id, datatype: int32}
# - {name: xcenter, unit: pix, datatype: float64}
# - {name: ycenter, unit: pix, datatype: float64}
# - {name: aperture_sum, datatype: float64}
# meta: !!omap
# - {name: Aperture photometry results}
# - {version: 'astropy: 4.2, photutils: 1.0.1'}
# - {aperture_photometry_args: 'method=''center'', subpixels=5'}
# - {radius: 83.6}
# - __serialized_columns__:
#     xcenter:
#       __class__: astropy.units.quantity.Quantity
#       unit: &id001 !astropy.units.Unit {unit: pix}
#       value: !astropy.table.SerializedColumn {name: xcenter}
#     ycenter:
#       __class__: astropy.units.quantity.Quantity
#       unit: *id001
#       value: !astropy.table.SerializedColumn {name: ycenter}
# schema: astropy-2.0
frame_id id xcenter ycenter aperture_sum
[from data line 3195]
1597 1 172.857486072 306.713519432 34019360.0
1597 2 436.506756232 347.920342434 39420965.0
1598 1 171.5907724 305.021219675 35469947.0
1598 2 435.213763756 347.905432112 42026695.0
1599 1 171.267065979 305.594612963 32434708.0
1599 2 432.848602088 346.703671937 41196312.0
1600 1 170.263262903 304.337053012 33955649.0
1600 2 431.07669908 346.343977534 38544594.0
1601 1 171.760811656 306.413250084 33913102.0
1601 2 431.229574714 346.031402864 39451122.0
1602 1 171.099336139 305.594155186 34885013.0
1602 2 432.844919195 346.350947268 41019796.0
1603 1 170.956315878 301.75427061 34554838.0
1603 2 432.266626807 345.090847406 44464405.0
1604 1 170.576818637 302.174181921 35126399.0
1604 2 431.902150058 344.382394567 43584915.0
1605 1 169.052284705 303.859779064 33455411.0
1605 2 428.612504657 344.323507883 40936583.0
1606 1 168.047322567 306.653331862 34459089.0
1606 2 430.765676812 348.617312793 39172843.0
1607 1 170.20777814 307.125869297 36323046.0
1607 2 433.421292955 349.918495569 41621342.0
1608 1 172.591783196 306.063584511 34976459.0
1608 2 436.129290086 347.960733702 39920763.0
1609 1 171.367319701 306.889429276 33490317.0
1609 2 436.742566119 347.567042548 40691704.0
1610 1 170.987779147 308.268388366 31941256.0
1610 2 432.87045786 348.259652732 38793821.0
1611 1 170.263334388 309.489545841 34327858.0
1611 2 431.177466625 349.483137213 41041428.0
1612 1 171.388392528 308.037571858 35930869.0
1612 2 431.994957071 350.329078357 41141204.0
1613 1 173.970780946 306.807518166 33498751.0
1613 2 431.785329596 348.702030897 43343588.0
1614 1 172.446119669 306.378418355 33630219.0
1614 2 433.93076344 347.970496387 41552006.0
1615 1 172.414188202 307.054003107 33200850.0
1615 2 432.611171528 349.509850551 42249485.0
1616 1 170.25099137 307.556188908 34067399.0
1616 2 433.279913445 348.923762917 40640247.0
1617 1 170.569907568 307.164890408 35770045.0
1617 2 431.289239709 347.843987913 38412497.0
1618 1 167.455626703 305.977644224 36563605.0
1618 2 428.949731982 348.490446788 39624888.0
1619 1 168.427276128 306.22223048 32709360.0
1619 2 429.689760298 350.486512952 40972609.0
1620 1 169.17680123 308.849338679 34793554.0
1620 2 429.423600666 351.363195767 38973980.0
1621 1 171.857489669 309.988062183 34363788.0
1621 2 431.140295987 352.981513745 44149954.0
1622 1 170.457216968 312.991787957 34530166.0
1622 2 431.205452358 354.461128474 40150739.0
1623 1 169.058169709 312.203899492 33805280.0
1623 2 432.002251133 356.150452119 41970031.0
1624 1 168.374235626 313.070693711 35255228.0
1624 2 433.003853125 353.440431871 40751587.0
1625 1 168.658703407 311.92051461 35893548.0
1625 2 432.909775368 354.911527242 40785936.0
1626 1 170.04638656 314.423894763 31858864.0
1626 2 432.705883816 355.785753468 43185579.0
1627 1 171.52967995 316.418305836 32757447.0
1627 2 435.144527668 355.879364017 37994449.0
1628 1 172.705744198 317.049570447 35354854.0
1628 2 433.273094472 357.632601208 39111098.0
1629 1 172.038146907 316.633136836 33929328.0
1629 2 433.087438689 358.633623028 40209516.0
1630 1 171.893786295 316.665120147 33900204.0
1630 2 435.173273274 358.257921112 40641663.0
1631 1 169.972443531 316.911364238 36033077.0
1631 2 434.040371711 358.172461628 39871398.0
1632 1 169.202392944 316.213280889 33278112.0
1632 2 432.199537593 357.089316727 40129493.0
1633 1 168.844630051 316.692375255 32503636.0
1633 2 433.812442489 358.1589825 40289568.0
1634 1 173.275248475 316.55605727 36222790.0
1634 2 433.846276246 358.313406434 40302264.0
1635 1 173.282834055 314.629885224 35244266.0
1635 2 433.491513069 356.942806269 42159733.0
1636 1 173.138166689 311.543278434 34578397.0
1636 2 434.534450686 356.012179425 41312611.0
1637 1 171.71037056 311.029603306 35316687.0
1637 2 434.875099557 354.46309074 41709382.0
1638 1 171.173685406 311.242726084 34782135.0
1638 2 434.556755391 351.777726507 42512232.0
1639 1 170.005274125 310.715255406 34962479.0
1639 2 434.862335195 352.960288144 39562988.0
1640 1 169.504889647 311.11828259 34835102.0
1640 2 433.617265079 353.006200951 42740843.0
1641 1 170.788702519 311.984864912 35303596.0
1641 2 433.186388495 354.111432394 40309936.0
1642 1 171.168682766 311.696762985 35265136.0
1642 2 432.186149191 351.249466882 44146143.0
1643 1 170.052543581 310.785577899 35286217.0
1643 2 432.195017755 352.404189896 44580269.0
1644 1 169.993515569 312.082428339 34437259.0
1644 2 434.143869273 353.113559425 44426610.0
1645 1 171.340933144 313.704748633 35145795.0
1645 2 432.539170458 353.749300188 42792462.0
1646 1 172.142205878 311.818204218 34699554.0
1646 2 433.193603767 353.067385596 41384202.0
1647 1 170.856270071 312.130033635 33705142.0
1647 2 434.531877083 354.016452404 41703949.0
1648 1 170.949398253 312.9786216 31913126.0
1648 2 431.789942641 352.215965237 42354311.0
1649 1 168.918624841 311.787905227 35761144.0
1649 2 432.502509572 352.128656899 42858811.0
1650 1 171.645207549 312.608284529 34845590.0
1650 2 432.457823413 353.098939147 38855248.0
1651 1 173.477361866 313.137482044 35862119.0
1651 2 435.739166997 354.176854019 39894242.0
1652 1 173.531789232 313.195664906 35417017.0
1652 2 436.823460474 356.742976684 40266325.0
1653 1 173.922501391 312.610851261 35797241.0
1653 2 436.996198465 353.999434928 43048247.0
1654 1 174.570566649 310.008619308 38314875.0
1654 2 436.275988402 354.028955824 40489109.0
1655 1 175.756980719 310.407898403 34990276.0
1655 2 436.605234981 354.584932372 39400882.0
1656 1 174.077725794 312.393027378 34699481.0
1656 2 437.088273955 354.460165458 42168511.0
1657 1 177.138807851 312.720970754 34439942.0
1657 2 439.037919919 354.582275421 40279078.0
1658 1 176.205569315 313.599691214 36751134.0
1658 2 436.802779202 354.641342994 41671738.0
1659 1 179.121953678 313.103721683 36030776.0
1659 2 436.659982255 354.853240175 41312803.0
1660 1 177.836939427 312.328886829 35761786.0
1660 2 437.933677102 353.553872946 40819611.0
1661 1 175.978849307 311.461626781 37233599.0
1661 2 437.100311228 353.960874275 40487914.0
1662 1 174.772853357 313.137867903 35682491.0
1662 2 434.819335207 355.691497413 39922819.0
1663 1 174.960826065 313.666932341 36595706.0
1663 2 435.275308857 355.766078239 41824181.0
1664 1 174.934018589 315.80672783 35968442.0
1664 2 435.254376299 356.632010152 42739062.0
1665 1 173.240612239 316.530656213 36537651.0
1665 2 434.268865399 356.790463785 39020220.0
1666 1 172.147609268 316.999091559 32860008.0
1666 2 433.403509747 358.283896713 42118455.0
1667 1 170.857448951 316.596228947 34631330.0
1667 2 432.088145589 357.882602976 42532467.0
1668 1 170.781700804 317.536984571 36004242.0
1668 2 433.037997761 358.824533375 41306193.0
1669 1 170.090162305 317.120414699 33349126.0
1669 2 432.422504458 359.267342987 42452659.0
1670 1 169.514072155 315.981719514 37045411.0
1670 2 431.875080083 358.328714245 40608819.0
1671 1 171.644894066 315.680433138 37000925.0
1671 2 433.798897931 358.873219047 41291523.0
1672 1 170.211574596 315.589695431 33887396.0
1672 2 434.459964798 360.09386123 41542615.0
1673 1 171.169475333 315.271165695 35694955.0
1673 2 434.428030067 357.90257517 40501324.0
1674 1 171.730900861 314.771430261 37305254.0
1674 2 434.611097858 357.381879264 39878145.0
1675 1 171.800398511 316.966878736 35299016.0
1675 2 433.239322736 357.494755128 43520023.0
1676 1 170.878782129 317.440824993 35664408.0
1676 2 432.718600446 357.018985364 43983425.0
1677 1 168.319807046 318.444648297 36017426.0
1677 2 430.090823747 358.807410974 39537781.0
1678 1 165.898571068 317.473525578 34751058.0
1678 2 428.791290674 360.658313068 39612311.0
1679 1 163.9204867 315.967781053 33773238.0
1679 2 425.878528163 358.738552683 41719499.0
1680 1 161.426672192 315.802354193 40013633.0
1680 2 423.873365511 358.573191311 42629622.0
1681 1 160.515664119 315.581925405 34385453.0
1681 2 424.026431064 358.794826045 41082328.0
1682 1 161.286620635 315.846480293 34558161.0
1682 2 424.327646964 357.462322691 45203569.0
1683 1 160.547701961 314.218114696 35255586.0
1683 2 421.506337658 355.532603895 42773975.0
1684 1 158.122309304 312.790865727 35416619.0
1684 2 420.809298861 355.493370634 38416336.0
1685 1 157.946953794 311.631971993 36796982.0
1685 2 420.756348376 354.945926991 42669944.0
1686 1 159.447094044 312.85631468 35710395.0
1686 2 420.322899768 354.519029304 42901319.0
1687 1 160.905757516 311.602320295 36441711.0
1687 2 418.326240464 354.91591056 41486079.0
1688 1 157.79548378 312.040548598 33394201.0
1688 2 418.958929338 356.581409472 37687806.0
1689 1 157.255903387 312.562027991 36699139.0
1689 2 419.89872617 357.43942431 41409707.0
1690 1 154.224462312 312.650213659 35855699.0
1690 2 417.545811936 356.737746277 41303012.0
1691 1 154.539928874 311.587709793 34721228.0
1691 2 415.091470008 354.622020298 39756395.0
1692 1 154.493844263 310.628197735 35336772.0
1692 2 414.762236799 353.861803603 40862694.0
1693 1 151.992327238 309.698462651 36637482.0
1693 2 414.479772265 352.992725269 39614333.0
1694 1 153.758672985 311.238798435 36245264.0
1694 2 414.451245067 354.520082946 40994930.0
1695 1 154.217772744 311.367025815 35845559.0
1695 2 416.054494015 353.261625049 40870351.0
1696 1 156.510914371 310.352304228 35463711.0
1696 2 417.664458906 352.531249005 41130750.0
1697 1 155.634357716 307.47559356 35827708.0
1697 2 418.401305255 350.782980245 42673146.0
1698 1 156.046127692 304.547443484 37177715.0
1698 2 415.324311019 347.927425965 42450157.0
1699 1 154.993564247 303.973803461 34222206.0
1699 2 416.102134851 347.487272586 46235975.0
1700 1 157.351411973 303.642714068 37789193.0
1700 2 414.499220582 345.538926965 43889037.0
1701 1 413.264103056 343.85957105 42824916.0
1702 1 154.440357822 304.6269764 34769349.0
1702 2 421.075157324 346.748045954 42470859.0
1703 1 151.189697566 301.84078566 35671238.0
1703 2 416.402041833 345.25817756 41789577.0
1704 1 150.76130155 301.778698849 33503101.0
1704 2 417.619947379 344.200648977 43109868.0
1705 1 152.46994986 302.117855755 36275010.0
1705 2 418.145519362 343.548863855 40374636.0
1706 1 152.820458147 301.541991333 34711814.0
1706 2 416.934128222 344.58317263 41428134.0
1707 1 154.777742438 300.25080443 34484872.0
1707 2 416.981110086 343.04952225 43279269.0
1708 1 153.937307728 303.505379279 35813444.0
1708 2 418.121488914 343.334014462 42348829.0
1709 1 152.536627735 302.545270526 35645954.0
1709 2 416.326740653 342.990575093 43938339.0
1710 1 151.829549995 304.01923764 34660643.0
1710 2 417.901714015 345.491060439 42290842.0
1711 1 151.890601207 303.819591737 37171299.0
1711 2 415.345705225 344.605031765 42692227.0
1712 1 155.04220648 303.74124431 36223403.0
1712 2 416.519240657 345.508230147 40202152.0
1713 1 155.083440984 306.416151465 36570982.0
1713 2 418.839259537 350.720783611 42316614.0
1714 1 152.412273441 305.119492706 38459554.0
1714 2 418.878537332 351.473259612 42111529.0
1715 1 151.910617488 304.923613307 34509615.0
1715 2 418.564027085 350.588289599 41444322.0
1716 1 152.890660056 305.017646745 36535321.0
1716 2 415.928348078 349.882795863 44452671.0
1717 1 150.108243663 304.5698657 35806852.0
1717 2 414.581671108 348.227509043 41815459.0
1718 1 154.739220199 306.535418678 35232068.0
1718 2 419.834042715 351.34711116 40055964.0
1719 1 155.621548493 309.094549769 35566985.0
1719 2 419.362469078 352.051853047 39032001.0
1720 1 156.142011481 310.177032943 37286933.0
1720 2 420.776377748 352.070889786 42601929.0
1721 1 155.972231725 309.029026898 35975412.0
1721 2 420.06276564 349.656896145 42415996.0
1722 1 153.039535107 307.586291218 35033784.0
1722 2 414.606973186 349.033596517 40930179.0
1723 1 413.997283783 348.13828924 42869465.0
1724 1 156.265466971 307.878468536 37878263.0
1724 2 413.144421452 347.861434362 40810602.0
1725 1 155.152414687 308.256391371 35679128.0
1725 2 415.736632214 347.10936034 39242023.0
1726 1 157.730843223 309.523271721 36359541.0
1726 2 420.360848681 350.345842522 38394394.0
1727 1 158.593855709 310.808201431 38975086.0
1727 2 419.546488889 352.503837495 42015419.0
1728 1 158.967597475 312.76588989 35512454.0
1728 2 419.744486379 354.334837291 44292665.0
1729 1 160.106488974 315.009756837 33865675.0
1729 2 419.024038529 354.16802391 46314513.0
1730 1 161.389753425 316.643142293 36437340.0
1730 2 420.596014457 355.849483809 41732418.0
1731 1 161.73838772 315.759730155 38411836.0
1731 2 423.482312894 356.277115333 37975989.0
1732 1 161.622552582 314.527034147 35919188.0
1732 2 423.845831255 357.131873031 41865091.0
1733 1 162.388157079 315.499094947 37166379.0
1733 2 425.421964354 358.767906798 38943475.0
1734 1 162.835120273 316.5528939 35642917.0
1734 2 424.73546933 358.431619349 42113240.0
1735 1 160.868113548 317.786606313 34499612.0
1735 2 424.078190727 359.378972076 41870540.0
1736 1 160.318942333 316.468495342 36948841.0
1736 2 423.198014115 360.055986277 40189457.0
1737 1 160.568458906 316.833067012 38460296.0
1737 2 422.34133488 361.391911905 40876497.0
1738 1 158.539573621 316.494069562 38813462.0
1738 2 422.531253881 360.760435001 42424950.0
1739 1 160.053529899 314.953329712 34922767.0
1739 2 422.370700219 358.388148192 43055565.0
1740 1 161.318641279 313.881752794 33404853.0
1740 2 421.398224914 356.778189608 43891296.0
1741 1 160.958495088 313.830997795 36584917.0
1741 2 421.851435893 356.239700166 43079896.0
1742 1 161.470154234 313.123340524 37171911.0
1742 2 423.279710761 353.482861724 42507459.0
1743 1 161.704652507 310.998186288 38544439.0
1743 2 424.773806921 353.759652435 44358690.0
1744 1 162.18236906 311.735225644 35299710.0
1744 2 423.051466573 353.651313536 46981930.0
1745 1 160.075462064 311.603702624 37192805.0
1745 2 421.271189109 353.653193628 45640080.0
1746 1 161.630244547 311.684007235 37182593.0
1746 2 421.122431378 353.572953601 45457760.0
1747 1 160.741952033 312.804256915 37104143.0
1747 2 420.845010295 353.167830228 45641395.0
1748 1 162.195397663 313.544013433 37114166.0
1748 2 423.280315448 354.386436731 43438486.0
1749 1 161.499230756 313.125414848 38235307.0
1749 2 424.158742259 356.160160079 39131909.0
1750 1 161.133555894 313.679884812 35710602.0
1750 2 423.569121331 356.489203471 41628105.0
1751 1 162.500530585 314.925246487 36148355.0
1751 2 423.364601834 357.385391062 40707493.0
1752 1 163.818040884 314.9471393 36772355.0
1752 2 424.551399599 358.111631687 41749167.0
1753 1 164.662004193 316.31770017 37899879.0
1753 2 422.230331883 358.719870223 41645438.0
1754 1 163.140882159 315.190573602 37830354.0
1754 2 420.410706521 358.871174781 45363838.0
1755 1 160.751716517 315.155289069 35441138.0
1755 2 419.653503947 358.389078337 43641713.0
1756 1 160.352119439 317.011155961 36423762.0
1756 2 421.530200339 358.175259061 41170064.0
1757 1 162.336814487 317.929365602 36087647.0
1757 2 425.132081458 358.467628381 38968338.0
1758 1 163.337544904 317.686391524 37055888.0
1758 2 426.016360982 358.592954447 39439722.0
1759 1 162.497117796 315.758961193 36168564.0
1759 2 423.284590872 356.995669598 41949762.0
1760 1 161.247746144 313.498171542 36440732.0
1760 2 420.70780371 354.976996435 43408928.0
1761 1 161.339181753 312.832186831 37099489.0
1761 2 419.204003584 354.387494785 41992255.0
1762 1 161.009563258 313.570375299 37822449.0
1762 2 420.013969401 354.344427487 45475141.0
1763 1 161.775237022 312.95427921 37002705.0
1763 2 422.318117044 353.776598639 41776739.0
1764 1 160.777722375 313.058960055 36611000.0
1764 2 421.961684909 356.69600691 42461683.0
1765 1 158.859712536 313.740724859 37157796.0
1765 2 422.151915598 355.596841369 41456860.0
1766 1 160.650011682 315.306930933 37602741.0
1766 2 422.175053846 354.639907774 41587282.0
1767 1 160.668503273 316.822168592 36396462.0
1767 2 423.893932933 357.016441218 38836903.0
1768 1 160.383301543 319.105110397 35225951.0
1768 2 422.311645566 358.167416201 38849746.0
1769 1 160.218331346 318.629003753 36722580.0
1769 2 422.81738047 357.214066597 42191896.0
1770 1 161.276943249 318.833165262 35155393.0
1770 2 420.1411672 357.305131276 42476872.0
1771 1 161.348204908 318.799849083 34696617.0
1771 2 422.131381858 358.86229259 42118162.0
