data/ser/2021-06-07/03_34_00_pipp/step-1_fwhm-22.0-factor-60.0_radius-39.6.aperture_sum.ecsv
# %ECSV 0.9
# ---
# datatype:
# - {name: frame_id, datatype: int32}
# - {name: id, datatype: int32}
# - {name: xcenter, unit: pix, datatype: float64}
# - {name: ycenter, unit: pix, datatype: float64}
# - {name: aperture_sum, datatype: float64}
# meta: !!omap
# - {name: Aperture photometry results}
# - {version: 'astropy: 4.2, photutils: 1.0.1'}
# - {aperture_photometry_args: 'method=''center'', subpixels=5'}
# - {radius: 39.6}
# - __serialized_columns__:
#     xcenter:
#       __class__: astropy.units.quantity.Quantity
#       unit: &id001 !astropy.units.Unit {unit: pix}
#       value: !astropy.table.SerializedColumn {name: xcenter}
#     ycenter:
#       __class__: astropy.units.quantity.Quantity
#       unit: *id001
#       value: !astropy.table.SerializedColumn {name: ycenter}
# schema: astropy-2.0
frame_id id xcenter ycenter aperture_sum
[from data line 1792]
896 2 508.898022928 345.130047446 24753453.0
897 1 245.727151586 305.844133068 17488288.0
897 2 512.015442585 346.741919648 23636997.0
898 1 246.195710881 306.39475071 15233178.0
898 2 514.033568323 348.922190609 17988761.0
899 1 245.564968314 307.553223181 15395768.0
899 2 512.638779866 349.489013372 20932302.0
900 1 244.515796425 308.342643198 16936096.0
900 2 513.036306233 350.514581902 19010292.0
901 1 244.120051134 308.75916356 18055584.0
901 2 511.499055872 351.574592149 17452617.0
902 1 243.53775447 309.091994437 16390565.0
902 2 510.683570136 351.348055948 23241537.0
903 1 245.264641902 308.40561776 16464852.0
903 2 512.31196076 350.10698919 24873891.0
904 1 248.472471848 308.384927658 14733155.0
904 2 514.602187358 349.930642667 22788576.0
905 1 247.364299379 305.743531339 16224022.0
905 2 514.645409186 349.292932043 22820870.0
906 1 246.360316731 305.298753037 16448126.0
906 2 512.046649839 347.785294346 23098020.0
907 1 243.253295626 306.855497981 18330416.0
907 2 512.755216791 348.858902809 20146554.0
908 1 244.084078367 306.009764484 16694296.0
908 2 513.206496208 347.675837693 20641731.0
909 1 243.004035471 304.694549169 15486629.0
909 2 514.641987861 346.940734845 21538339.0
910 1 242.757280337 305.003436091 15970498.0
910 2 252.274628657 310.167299034 15965579.0
910 3 513.291354323 347.283419444 20674443.0
911 1 240.940101108 304.233076745 12940485.0
911 2 254.751782506 312.418341317 12877945.0
911 3 523.021439251 350.440456877 23081802.0
912 1 248.308903952 310.52035944 17091298.0
912 2 516.933510984 347.932894097 23922318.0
913 1 252.057796661 307.993479533 16959752.0
913 2 519.316116495 347.40462516 20532945.0
914 1 249.220722246 306.483760824 18468914.0
914 2 517.097139415 347.378707118 20357108.0
915 1 249.581704715 307.968060593 17532261.0
915 2 519.364309481 347.476261197 22215105.0
916 1 247.283142169 309.271056755 16033963.0
916 2 517.454541766 350.080180699 19666810.0
917 1 245.92815246 308.622491193 18172528.0
917 2 516.245406427 350.551431849 22490262.0
918 1 244.209397597 308.578980409 14413614.0
918 2 514.111991087 350.064793076 21264116.0
919 1 244.079113191 305.931716575 17490267.0
919 2 517.179971019 347.891971604 19993343.0
920 1 245.910777566 305.569818462 17622226.0
920 2 516.509921575 348.308146024 20658670.0
921 1 246.870983903 306.811462534 16538541.0
921 2 515.109499703 346.898965123 23319637.0
922 1 246.40928977 308.890790674 17763579.0
922 2 515.48296004 350.019287204 20586817.0
923 1 246.189943453 309.23569289 19158920.0
923 2 516.699433695 350.388262145 19589434.0
924 1 248.908886302 307.589177367 17856596.0
924 2 515.4267431 350.104525257 21110899.0
925 1 251.412678961 308.08300818 16819373.0
925 2 518.247174546 350.921709468 20482554.0
926 1 247.770229836 307.090258304 15716225.0
926 2 512.308225259 349.46990355 21596168.0
927 1 245.332259483 306.598096835 16829468.0
927 2 511.686305435 348.729237192 20904085.0
928 1 245.333649338 305.562584275 17047154.0
928 2 510.863159363 347.877565681 21080865.0
929 1 245.380602757 304.644469414 16192331.0
929 2 511.100360505 347.801661715 20559584.0
930 1 247.578328858 303.662305549 17455753.0
930 2 513.229098118 346.821360793 23878073.0
931 1 239.306126786 304.488641419 14848960.0
931 2 512.129964116 346.113692394 21233069.0
932 1 245.141533 303.807243208 14449386.0
932 2 513.322105501 347.620404858 23468468.0
933 1 244.571908867 304.923262867 16103754.0
933 2 511.763981002 348.671679353 23896705.0
934 1 242.826820555 304.87884475 15142095.0
934 2 508.535693347 346.753820717 24053440.0
935 1 240.462674478 302.895572992 16077578.0
935 2 505.626814642 344.682176782 22009486.0
936 1 238.696485832 302.38692211 15359219.0
936 2 504.831691943 341.551938888 21091743.0
937 1 236.374772214 299.975356821 17883102.0
937 2 505.198415644 342.147775546 20484773.0
938 1 234.244802514 298.529104079 15278614.0
938 2 503.931478608 340.521128696 21782384.0
939 1 232.928068514 295.941914545 16238064.0
939 2 503.658239471 341.150996732 21008242.0
940 1 233.519211664 298.829032573 14854792.0
940 2 502.610259242 340.862169202 21858943.0
941 1 233.432213833 299.905953094 16208362.0
941 2 502.418252664 342.295073678 18356942.0
942 1 231.871348617 299.040175618 16361108.0
942 2 499.192582616 342.46981861 22524064.0
943 1 229.080105028 300.606663342 16688244.0
943 2 498.074121467 341.598331748 23461265.0
944 1 228.002388679 299.894143924 15550979.0
944 2 496.544421116 341.91663776 20543471.0
945 1 227.77971256 297.907206143 19144074.0
945 2 497.057400887 342.202216918 19366565.0
946 1 228.820133996 296.102453886 17895375.0
946 2 495.880667804 342.145115849 21066694.0
947 1 226.570970642 296.799778518 16055285.0
947 2 496.111765541 342.866977397 18660336.0
948 1 229.449032119 298.683868924 15349216.0
948 2 496.285298047 342.041912547 21303739.0
949 1 230.388597069 300.480704083 17529725.0
949 2 496.240615054 342.538326754 21773153.0
950 1 229.212474728 300.655566962 16734019.0
950 2 497.25359824 344.102407922 18811461.0
951 1 227.99409787 300.093017083 17307102.0
951 2 495.59184484 343.132544813 22190038.0
952 1 228.428361734 299.322339659 16452499.0
952 2 494.341357176 343.133665768 19266022.0
953 1 225.741497876 300.294366545 17659908.0
953 2 495.357688377 344.795139431 22078317.0
954 1 225.855502584 300.98066285 16348754.0
954 2 495.382301025 344.869924611 21450363.0
955 1 228.032108141 301.956946492 18036381.0
955 2 496.87401637 344.708985614 20667885.0
956 1 230.467830119 302.62368181 15917628.0
956 2 496.805237765 346.070262305 22379756.0
957 1 229.067235091 302.773590461 16301452.0
957 2 497.563034132 344.53609432 23813690.0
958 1 230.539288052 302.816687351 17702491.0
958 2 497.302046419 344.363589222 24011040.0
959 1 230.946894613 304.328598104 16268409.0
959 2 499.435945937 344.155376112 22234243.0
960 1 231.906981287 303.789908478 19904968.0
960 2 499.899578362 345.795513302 19934939.0
961 1 233.224615739 301.410134953 18295699.0
961 2 498.556361789 345.887782763 21947814.0
962 1 231.566395713 303.007126766 15457036.0
962 2 498.180197359 345.707917219 21517907.0
963 1 231.063968463 301.246751122 15499681.0
963 2 497.052320767 343.773838046 19876044.0
964 1 230.246246198 302.407033608 13528454.0
964 2 494.616158311 344.174716999 21060088.0
965 1 231.042597851 303.105957387 16872054.0
965 2 494.991899829 345.713113586 20372382.0
966 1 229.48736754 302.63559513 15629275.0
966 2 494.484380043 347.474387004 20854947.0
967 1 229.359398575 303.727948134 13885697.0
967 2 495.537326131 347.487104353 19409812.0
968 1 232.545969141 302.238217511 18148180.0
968 2 500.671712211 346.307638541 20333214.0
969 1 232.649073249 301.672245697 16123127.0
969 2 505.15106313 344.628504036 18017317.0
969 3 493.334321791 351.113809608 17983074.0
970 1 235.49484775 304.248475442 17966833.0
970 2 498.27604207 348.650940416 20618105.0
971 1 234.778704175 303.645142012 20224961.0
971 2 500.656576921 349.926155743 22667452.0
972 1 235.530386928 302.78383984 15763669.0
972 2 502.508610148 347.764225452 22859718.0
973 1 234.9890275 303.638373459 17847444.0
973 2 502.306777815 343.803958207 21148172.0
974 1 235.571485544 304.842859694 15644797.0
974 2 502.818615724 344.445271863 19743610.0
975 1 234.338305134 306.036553992 17230874.0
975 2 501.649418035 346.012348155 21726211.0
976 1 234.772613071 305.97072038 17104964.0
976 2 503.023587191 348.653393276 20584942.0
977 1 234.573712822 304.855064081 16505612.0
977 2 501.059887993 348.246313101 18828834.0
978 1 234.574065615 306.381720366 15427699.0
978 2 502.063256617 348.012699446 21676354.0
979 1 234.984412237 307.043790781 18086554.0
979 2 502.755645988 347.391387388 20348361.0
980 1 236.706541932 307.829835537 15481089.0
980 2 502.785132763 348.349182146 21867378.0
981 1 237.74203891 307.662843726 18298991.0
981 2 503.954031532 350.034313763 23695632.0
982 1 236.894704796 308.339179401 16639271.0
982 2 503.13666807 349.622751456 21068219.0
983 1 237.722682629 308.499635522 14224702.0
983 2 505.504953756 349.844268256 22754614.0
984 1 236.429909882 307.463442497 14738782.0
984 2 505.237063958 348.319069712 23726533.0
985 1 235.419894889 308.839775522 14635796.0
985 2 503.820326358 348.876025757 22969052.0
986 1 236.909292566 307.18629958 17023598.0
986 2 505.854695132 348.865688209 23457116.0
987 1 235.492766754 304.957689236 17059819.0
987 2 503.162104371 345.591309523 20346475.0
988 1 233.420788162 304.853939267 14598768.0
988 2 501.12867479 345.010142016 21081094.0
989 1 234.715625486 306.610477083 17498384.0
989 2 500.004305571 345.583434744 23251548.0
990 1 235.890662053 307.786954275 17551010.0
990 2 503.110737008 346.804778577 18729681.0
991 1 238.116161708 307.31124723 17140255.0
991 2 504.886645319 348.173281107 22211525.0
992 1 238.359994563 307.307418167 19978818.0
992 2 504.638931197 349.033530964 23286684.0
993 1 237.972567394 305.756114401 16983073.0
993 2 503.817972722 348.913880325 23338426.0
994 1 237.172994048 304.128282523 16349083.0
994 2 503.006959148 345.660781438 21037491.0
995 1 240.560328127 306.071617189 15196204.0
995 2 504.840792946 347.473068632 21249672.0
996 1 239.6816714 304.304518676 18514234.0
996 2 504.332834208 348.059850136 18690270.0
997 1 235.784000632 304.786544318 16088593.0
997 2 501.836516723 347.665118534 20070473.0
998 1 234.494997572 303.91895531 15037536.0
998 2 504.210977419 346.418608008 22920664.0
999 1 235.330724225 302.945807669 16443446.0
999 2 502.927912465 346.581145954 23201853.0
1000 1 237.042552085 303.653210978 17228500.0
1000 2 504.80724497 345.772285507 25442868.0
1001 1 238.157613625 302.747640337 17614242.0
1001 2 503.461724177 345.49134998 22677143.0
1002 1 237.160447564 302.108614066 16303418.0
1002 2 501.111493195 348.392706905 20001412.0
1003 1 236.716327579 304.803985844 16730695.0
1003 2 500.682442147 348.924586108 24494172.0
1004 1 235.39440029 304.351378362 14700356.0
1004 2 500.793174575 347.917226729 21529782.0
1005 1 233.957681353 304.822203484 15014474.0
1005 2 502.647153757 347.16390946 24526712.0
1006 1 232.729362067 304.409082502 17466874.0
1006 2 500.250803815 345.125521056 19682650.0
1007 1 232.504261626 303.427496699 17504102.0
1007 2 499.808841353 344.451072174 22027425.0
1008 1 233.738236169 302.810702569 16814493.0
1008 2 499.136304355 344.214689437 20292990.0
1009 1 236.291520051 304.172346186 15936095.0
1009 2 502.668701168 346.206051713 18024634.0
1010 1 236.832937698 304.686553103 16701705.0
1010 2 503.057633619 347.123697629 20032585.0
1011 1 236.787531795 304.971334636 15691165.0
1011 2 501.798570284 346.819795344 22303994.0
1012 1 235.276519182 305.375409962 16852534.0
1012 2 499.914591392 347.354441797 19745622.0
1013 1 232.455622404 304.458672291 18193648.0
1013 2 499.994200828 346.601674698 20558311.0
1014 1 234.448002051 305.96080126 15573262.0
1014 2 502.006691731 346.653384006 22002722.0
1015 1 234.511131601 305.707364336 18054793.0
1015 2 501.751975352 348.554216981 21356130.0
1016 1 236.752077131 305.821236272 16264743.0
1016 2 506.561173946 349.842761106 19824975.0
1017 1 236.41356294 303.009883115 18242921.0
1017 2 507.292049883 348.472959981 21721878.0
1018 1 234.014871847 304.192605332 17266168.0
1018 2 504.194351643 349.383562844 21806517.0
1019 1 234.04781701 306.272315057 16529135.0
1019 2 501.451032746 349.473538091 23120673.0
1020 1 234.165411661 305.894599502 18804772.0
1020 2 502.147329889 348.745312337 21538848.0
1021 1 233.337569909 304.909318793 19359911.0
1021 2 502.586240923 347.924279336 23943547.0
1022 1 231.724412591 307.631414583 15821025.0
1022 2 501.670866168 349.209714138 23948258.0
1023 1 234.593856918 306.673104287 16736275.0
1023 2 502.295676805 349.875212508 21977567.0
1024 1 232.339810545 304.568531728 14587892.0
1024 2 502.067352168 350.068099989 20527604.0
1025 1 232.643712139 305.059344359 16083206.0
1025 2 500.480847366 347.239444614 21210620.0
1026 1 232.955529004 303.610453513 14334222.0
1026 2 499.277089344 345.921272649 19334209.0
1027 1 232.000583005 302.314086338 15330715.0
1027 2 498.363117934 346.098477246 24031196.0
1028 1 233.817753623 302.53856228 16013664.0
1028 2 499.014788375 345.484552148 22525800.0
1029 1 234.89894208 303.171413814 16044501.0
1029 2 499.551950886 344.995154461 22477132.0
1030 1 232.623770307 304.350161843 15462417.0
1030 2 497.479231543 345.950475613 23341911.0
1031 1 230.967000171 303.64705031 16689033.0
1031 2 495.851830475 345.740400598 23651541.0
1032 1 231.599619427 303.495282742 15753248.0
1032 2 493.392350204 345.22067173 22376231.0
1033 1 229.976616062 303.91369809 18095914.0
1033 2 495.087169089 349.066496806 21981170.0
1034 1 230.617048878 306.260630904 18193567.0
1034 2 494.997332373 347.750178874 19686227.0
1035 1 228.461611882 306.133968511 18514662.0
1035 2 494.843082347 347.764756131 20263604.0
1036 1 229.479693144 306.606065803 15254392.0
1036 2 494.387501331 347.359818476 21303054.0
1037 1 225.648296088 305.429482237 16104971.0
1037 2 494.096371522 346.056970328 23529358.0
1038 1 224.399498393 302.769216474 16772902.0
1038 2 493.814633391 344.947326938 22278885.0
1039 1 224.217490412 301.693906338 16711433.0
1039 2 494.184927143 347.150667114 22227665.0
1040 1 223.948566023 304.490666922 14401372.0
1040 2 492.006015334 347.698852491 23482486.0
1041 1 222.841053139 304.564333359 17189190.0
1041 2 488.318466232 348.647632931 20196950.0
1042 1 220.255809967 302.726654134 19227247.0
1042 2 487.29683565 344.119243597 18843935.0
1043 1 221.18792576 299.969399992 17491826.0
1043 2 487.841180171 342.87178595 22044941.0
1044 1 221.491723907 298.6642037 16068875.0
1044 2 486.681824032 341.876704014 18210185.0
1045 1 220.42056828 296.772498985 13864162.0
1045 2 485.837073627 338.42406865 23456707.0
1046 1 222.061829615 297.79796082 15229096.0
1046 2 485.041707437 336.738342928 19508956.0
1047 1 220.051543614 299.559088673 15605119.0
1047 2 486.438841803 338.467350721 22578346.0
1048 1 218.077063712 298.494341721 16837424.0
1048 2 481.979912863 336.647504556 20650715.0
1049 1 215.463802875 296.443737705 18018195.0
1049 2 480.861872527 338.47021883 23887992.0
1050 1 215.655369504 296.735157792 19948034.0
1050 2 478.248088196 337.446277358 24614041.0
1051 1 213.769494658 297.451214268 17532672.0
1051 2 480.983391496 338.899121688 23676106.0
1052 1 216.432306727 295.140113633 15280761.0
1052 2 483.376964444 339.664480744 23601533.0
1053 1 217.878561974 295.205816565 14808723.0
1053 2 483.566033418 337.613888399 17731434.0
1054 1 214.984122336 296.338035976 15197948.0
1054 2 483.592904889 336.310774106 21566367.0
1055 1 216.120764434 297.574053956 15202788.0
1055 2 483.453891135 337.412723839 19323841.0
1056 1 212.646842521 297.62295475 15173980.0
1056 2 480.602979883 336.62302629 21108707.0
1057 1 214.353883802 296.972725701 17534091.0
1057 2 479.559903621 338.795236356 18895241.0
1058 1 215.094395945 295.178374549 20272136.0
1058 2 483.380927023 338.259802215 18319477.0
1059 1 214.568684462 293.56678487 18526846.0
1059 2 483.011289353 337.327152837 23383192.0
1060 1 212.876818585 295.198315278 15408259.0
1060 2 481.54182606 340.071595023 21049698.0
1061 1 213.659496272 295.525289869 14451173.0
1061 2 482.029465554 340.799747813 19537473.0
1062 1 216.595150946 294.712403318 17734000.0
1062 2 481.606869621 341.080706855 23591784.0
1063 1 217.521352204 295.30426044 13439492.0
1063 2 483.415036797 342.978914546 19809004.0
1064 1 217.228985133 297.435323339 16438047.0
1064 2 482.93905782 342.487004698 20727906.0
1065 1 216.799152559 298.421661278 14882809.0
1065 2 482.166920473 342.401922025 22117729.0
1066 1 217.355089634 299.789446343 15942551.0
1066 2 482.935169828 343.758852283 19453672.0
1067 1 217.407327362 300.255371967 17921339.0
1067 2 482.282748609 345.000674719 20702433.0
1068 1 211.431119418 299.015290883 16458563.0
1068 2 474.718092926 343.736322632 21849291.0
1069 1 210.638874067 299.066725062 13594388.0
1069 2 474.022131712 343.416804019 21940772.0
1070 1 212.175346025 301.463810568 18120414.0
1070 2 475.390010249 342.592378068 23097008.0
1071 1 213.286256637 299.439707352 17556263.0
