data/ser/2021-06-07/03_34_00_pipp/step-1_fwhm-22.0-factor-60.0_radius-39.6.aperture_sum.ecsv
# %ECSV 0.9
# ---
# datatype:
# - {name: frame_id, datatype: int32}
# - {name: id, datatype: int32}
# - {name: xcenter, unit: pix, datatype: float64}
# - {name: ycenter, unit: pix, datatype: float64}
# - {name: aperture_sum, datatype: float64}
# meta: !!omap
# - {name: Aperture photometry results}
# - {version: 'astropy: 4.2, photutils: 1.0.1'}
# - {aperture_photometry_args: 'method=''center'', subpixels=5'}
# - {radius: 39.6}
# - __serialized_columns__:
#     xcenter:
#       __class__: astropy.units.quantity.Quantity
#       unit: &id001 !astropy.units.Unit {unit: pix}
#       value: !astropy.table.SerializedColumn {name: xcenter}
#     ycenter:
#       __class__: astropy.units.quantity.Quantity
#       unit: *id001
#       value: !astropy.table.SerializedColumn {name: ycenter}
# schema: astropy-2.0
frame_id id xcenter ycenter aperture_sum
[from data line 5292]
2652 2 449.793037688 446.092905335 26476163.0
2653 1 192.999324549 405.359866561 20778204.0
2653 2 449.500264444 445.864050944 24720575.0
2654 1 191.683092372 403.366290252 19733645.0
2654 2 445.151578777 443.507747178 24940149.0
2655 1 192.21219583 402.690312003 20665129.0
2655 2 445.597943409 444.446783638 24169329.0
2656 1 193.663338217 404.78515437 19454814.0
2656 2 446.996964483 445.046869687 23082585.0
2657 1 193.569878953 405.56480392 20276388.0
2657 2 447.194928339 446.552058217 25577242.0
2658 1 190.360020927 404.706786602 20798348.0
2658 2 445.306481374 446.220326833 23709262.0
2659 1 191.148284875 401.803945133 21421983.0
2659 2 442.501533865 443.202144338 28606796.0
2660 1 189.340922762 399.318759284 20508707.0
2660 2 442.923073393 441.23022746 26206460.0
2661 1 187.159572215 400.165165849 20727007.0
2661 2 447.155538457 441.112826346 24513239.0
2662 1 189.023119491 401.936853877 21489480.0
2662 2 445.422817504 441.831986331 25380402.0
2663 1 188.562823268 401.868857891 20272680.0
2663 2 444.802519774 442.830597419 26156336.0
2664 1 188.030568326 403.124377711 21194926.0
2664 2 443.732347462 444.271476738 27936647.0
2665 1 188.675195814 403.912849229 21371733.0
2665 2 444.675186399 445.57233546 23618201.0
2666 1 189.517719273 405.203877079 19040528.0
2666 2 444.453668676 445.937894206 28076635.0
2667 1 188.588963166 406.830205458 20004013.0
2667 2 444.978431265 447.884795049 24630057.0
2668 1 189.832431201 407.599425156 19447872.0
2668 2 441.190598109 444.655507478 27493095.0
2669 1 188.954817841 405.564273685 21252866.0
2669 2 441.89833157 443.715967158 23633570.0
2670 1 190.697639639 406.197869869 19637684.0
2670 2 442.576629906 444.857388429 22276925.0
2671 1 188.516534274 406.648669329 19988482.0
2671 2 442.963341434 443.509872781 24086156.0
2672 1 187.738593512 406.37150767 20372571.0
2672 2 444.862729565 445.350620577 26313451.0
2673 1 188.70874371 405.49113139 21782985.0
2673 2 445.903820485 445.924765474 26583629.0
2674 1 190.020769874 404.511941995 17952912.0
2674 2 446.480619924 444.264588747 27709918.0
2675 1 193.56880389 406.471453137 19401702.0
2675 2 448.285713707 444.491264809 25353738.0
2676 1 195.841222736 406.836353719 22528598.0
2676 2 450.117945174 446.784151501 23783493.0
2677 1 196.525655873 406.809386247 21330963.0
2677 2 448.092361401 447.917468048 26875147.0
2678 1 193.873570487 406.293039384 22183171.0
2678 2 447.092686709 445.413070976 26879864.0
2679 1 192.633039847 407.28259442 24311645.0
2679 2 449.236078561 445.710996979 23686207.0
2680 1 195.191675959 407.137395962 23192090.0
2680 2 449.73567724 447.526101189 25810927.0
2681 1 195.747732273 409.178582391 21912197.0
2681 2 451.057755797 448.504316043 25086820.0
2682 1 195.471573634 409.572465492 21444139.0
2682 2 449.420685364 449.036865812 26106892.0
2683 1 194.930383737 411.590733549 19813410.0
2683 2 447.619632827 450.544597728 27633470.0
2684 1 194.992424698 411.61537551 22640539.0
2684 2 446.672748789 450.238888445 26870346.0
2685 1 195.969074973 410.367743603 21936117.0
2685 2 447.214928443 451.421490686 24321841.0
2686 1 197.222739127 412.175481152 20900122.0
2686 2 450.086630601 453.853448303 23872090.0
2687 1 198.394695899 413.379227801 19714665.0
2687 2 451.52758299 455.209813318 26882850.0
2688 1 200.620752986 412.613335344 20849629.0
2688 2 451.162735583 454.098429409 24088560.0
2689 1 198.662667001 411.676020727 20067213.0
2689 2 452.180457873 453.323078935 25169031.0
2690 1 198.234084027 411.438085818 21077453.0
2690 2 449.462488145 454.058382213 22796568.0
2691 1 199.343893335 412.088465016 20654771.0
2691 2 452.402620998 453.328863962 21909511.0
2692 1 198.79708079 410.584247094 20023398.0
2692 2 451.997122721 451.847783847 24863873.0
2693 1 197.117205535 409.930967773 24265624.0
2693 2 449.378050765 450.962988108 26274174.0
2694 1 196.968861096 406.67133051 17691260.0
2694 2 451.041580479 447.667694812 25030337.0
2695 1 200.492612432 407.989154071 17968894.0
2695 2 454.281716751 445.606278119 26564766.0
2696 1 202.335999056 406.746828836 22614123.0
2696 2 453.593420096 447.693603646 23904269.0
2697 1 200.286233619 406.363716342 22644899.0
2697 2 454.442482411 448.472913127 28397264.0
2698 1 198.834054425 406.376066801 18367260.0
2698 2 454.261125535 449.548149987 26061771.0
2699 1 195.924826591 404.128923297 21405441.0
2700 1 196.820459766 402.498192841 19201184.0
2700 2 451.816954012 445.277683898 24742984.0
2701 1 199.053526197 405.503253181 19634817.0
2701 2 454.062172661 448.472822373 25927679.0
2702 1 201.935831264 407.164183419 20312801.0
2702 2 455.748506622 448.204989298 24496245.0
2703 1 199.450078094 408.291126923 20777307.0
2703 2 454.824467442 450.490291588 24644110.0
2704 1 199.466798502 408.909402211 20128230.0
2704 2 457.652625413 449.585329197 25183221.0
2705 1 198.973619509 409.128071364 19758424.0
2705 2 456.689624742 449.107728525 24642427.0
2706 1 199.71943571 407.094114082 19099884.0
2706 2 455.522506361 448.023996342 26402505.0
2707 1 197.545216357 405.124907238 24645873.0
2707 2 455.923887774 447.271908176 25507836.0
2708 1 196.215300389 404.006529459 22243781.0
2708 2 451.30459539 447.822768811 25678167.0
2709 1 194.952529518 405.433155584 19081461.0
2709 2 451.200894649 446.353350033 25324671.0
2710 1 192.917993463 405.304140452 20076403.0
2710 2 450.90736413 445.452236602 23473147.0
2711 1 192.838741893 405.127101448 20105961.0
2711 2 449.798755789 445.753680304 22823987.0
2712 1 192.499743046 403.065536267 21647352.0
2712 2 448.869471479 445.851505772 25156992.0
2713 1 191.911479932 400.523582055 22681190.0
2713 2 447.234323933 444.697482688 26403256.0
2714 1 188.509376318 400.577012715 20808298.0
2714 2 444.081907791 441.802470459 26115568.0
2715 1 186.827709673 398.950752191 20564949.0
2715 2 443.886970175 444.079794429 25319681.0
2716 1 189.530907265 399.946508688 19658751.0
2716 2 444.736641483 444.144638987 24674727.0
2717 1 189.029384945 401.886741858 18498521.0
2717 2 445.269653964 445.925976342 23555680.0
2718 1 190.149317729 404.332675808 22074815.0
2718 2 443.628401246 448.116882291 24289143.0
2719 1 189.901557392 404.742741541 21466496.0
2719 2 445.800369215 447.763138118 25912563.0
2720 1 190.616659996 405.761633608 22355858.0
2720 2 445.889431187 448.785469346 24667417.0
2721 1 191.160062799 405.959310535 18952374.0
2721 2 446.826679603 448.991094999 23260606.0
2722 1 188.558840983 405.063129521 18966577.0
2722 2 444.547253829 448.213895854 27460699.0
2723 1 189.480801023 404.754617044 20473215.0
2723 2 443.324995796 447.542102258 24073875.0
2724 1 189.091824874 406.988693173 20165139.0
2724 2 441.797850822 447.272211884 28262333.0
2725 1 187.456184382 406.727634421 23355065.0
2725 2 441.786037865 447.064500968 24515170.0
2726 1 187.521940968 408.046211094 22518082.0
2726 2 440.447815831 447.459789279 23756503.0
2727 1 185.595451506 409.922245399 22265414.0
2727 2 441.189183472 448.218207892 23218676.0
2728 1 183.388486394 407.473494609 25338143.0
2728 2 437.436328104 449.504220965 25304214.0
2729 1 185.335862078 407.539383453 19434865.0
2729 2 438.420756759 451.596026832 26577992.0
2730 1 185.405245935 408.309199015 18513614.0
2730 2 432.710222897 452.019869531 27944872.0
2731 1 182.096738821 410.453142843 22690182.0
2731 2 438.699221717 452.276310735 27542344.0
2732 1 184.030748596 409.29318777 19208316.0
2732 2 439.678057956 450.614812707 26535217.0
2733 1 185.652774695 410.813871808 19674511.0
2733 2 442.190434103 451.198625946 23437729.0
2734 1 184.130697863 410.814595418 22258816.0
2734 2 442.262657189 452.506116801 23749593.0
2735 1 179.765983998 411.706681794 21033060.0
2735 2 436.596368621 453.320029489 27806976.0
2736 1 177.65005266 411.175678254 18814995.0
2736 2 435.352051648 452.2101891 27070744.0
2737 1 178.699974348 409.89947567 17618726.0
2737 2 433.989021249 452.002781721 24563306.0
2738 1 176.317071815 410.24049852 21853706.0
2738 2 431.779508593 450.989292235 26748442.0
2739 1 176.886399632 407.096706286 24896116.0
2739 2 429.201027063 447.884073706 24481811.0
2740 1 175.728826648 408.450898172 23766286.0
2740 2 431.851802655 448.688559417 25662681.0
2741 1 176.876743843 408.008396069 22528052.0
2741 2 432.132776404 448.959577897 26638622.0
2742 1 177.353774139 407.933825099 20247487.0
2742 2 433.501781304 450.792656414 21290208.0
2743 1 182.07007485 409.854610466 21559719.0
2743 2 436.132157289 450.928999337 27647833.0
2744 1 182.118221703 410.037130489 20981929.0
2744 2 436.016024031 448.741781174 27886707.0
2745 1 181.887716501 410.09886589 21647293.0
2745 2 434.030092249 449.575419981 24910407.0
2746 1 180.841875346 409.772909674 21482729.0
2746 2 432.80066884 449.767251254 24182880.0
2747 1 181.932300869 409.644091173 19718416.0
2747 2 433.626388339 449.068376515 27096498.0
2748 1 183.659519645 410.117619477 21299657.0
2748 2 434.706816018 450.423661666 21000999.0
2749 1 180.15096038 411.595475675 21865113.0
2749 2 435.373646436 451.036383006 28690611.0
2750 1 176.804461242 409.97235815 25161005.0
2750 2 432.124339263 450.8429988 25114882.0
2751 1 178.597098423 410.365348403 21485921.0
2751 2 430.03056385 453.747477232 27673033.0
2752 1 176.966269126 413.485253164 22242037.0
2752 2 429.738874002 454.172507491 26743283.0
2753 1 177.707030977 414.310592012 19682280.0
2753 2 429.955942747 455.084608076 25808039.0
2754 1 178.08352497 413.996633366 19273172.0
2754 2 431.903395772 454.726078464 27393501.0
2755 1 176.348858788 414.885872671 19012382.0
2755 2 431.912674388 455.994702619 25672863.0
2756 1 177.905853916 415.932561986 19375329.0
2756 2 434.779196304 456.597690101 26635252.0
2757 1 177.988993183 413.43283754 20878682.0
2757 2 436.933283526 456.867855773 23550556.0
2758 1 181.138291581 416.942164269 22401795.0
2758 2 437.330591816 458.500087048 24392736.0
2759 1 175.941332052 412.633582452 22848145.0
2759 2 427.528659822 451.961059334 24024425.0
2760 1 176.594608803 412.372688939 18921557.0
2760 2 428.721486023 457.742896277 22818740.0
2761 1 178.849530649 416.893332177 19340177.0
2761 2 431.689513131 460.100484808 25489872.0
2762 1 176.98326027 417.075095849 20441216.0
2762 2 431.793591388 458.345453529 23873160.0
2763 1 176.559439513 415.012950513 23630810.0
2763 2 430.750000483 455.642794157 26285958.0
2764 1 174.723535737 413.921349771 21930779.0
2764 2 429.217147812 454.125965245 24796357.0
2765 1 174.760389454 414.16213295 20955531.0
2765 2 425.617557098 454.311967681 24793611.0
2766 1 172.908511929 414.743799991 24677680.0
2766 2 427.715046277 455.034625418 24514966.0
2767 1 174.85290576 415.796767166 20558214.0
2767 2 430.721507254 455.187169182 32008551.0
2768 1 175.119978464 416.104811314 20969701.0
2768 2 428.138690156 454.03513629 22887927.0
2769 1 172.891839089 413.035882678 21122786.0
2769 2 427.521886664 455.200221608 21972001.0
2770 1 171.50821635 411.202504366 22414195.0
2770 2 426.368359993 453.461793596 22311325.0
2771 1 172.260252056 412.57235168 19585874.0
2771 2 425.506804316 454.382905927 25611156.0
2772 1 175.586506098 415.071110598 19338903.0
2772 2 428.706334156 455.057946779 28231796.0
2773 1 175.03808498 415.537080554 20963364.0
2773 2 428.166494938 454.605942503 24104408.0
2774 1 177.298935464 416.929789396 21498610.0
2774 2 428.406786484 455.466169021 26649962.0
2775 1 177.773181627 417.609252875 21655906.0
2775 2 430.578777975 456.933789777 24586894.0
2776 1 177.338483812 417.899191971 19518079.0
2776 2 433.228782906 458.544824286 22147316.0
2777 1 179.144515312 418.362562967 20632559.0
2777 2 432.678278262 460.641844783 23567080.0
2778 1 180.279334486 419.786540068 20911232.0
2778 2 432.085002253 461.052493746 26232529.0
2779 1 180.505067445 420.995813263 20711163.0
2779 2 432.073804341 459.421295347 27308310.0
2780 1 181.996061717 421.355176764 22368643.0
2780 2 432.974911011 458.869787256 27626852.0
2781 1 184.643244497 420.913452282 20443442.0
2781 2 437.655761965 459.479057784 26902595.0
2782 1 186.898988784 418.739385675 20124330.0
2782 2 438.710114958 461.683331615 24779274.0
2783 1 185.159409674 416.652969847 23363264.0
2783 2 441.537105657 459.826013859 24705833.0
2784 1 185.093567775 417.20027389 17862480.0
2784 2 438.316605006 459.069944439 26449185.0
2785 1 184.63695266 421.210749712 20617824.0
2785 2 441.566738248 461.293961075 23940005.0
2786 1 190.243868317 422.757500929 22139961.0
2786 2 442.18691472 464.048165301 27249285.0
2787 1 189.444690652 426.185141094 20403175.0
2787 2 443.718658441 463.589397923 25678385.0
2788 1 188.783712178 424.469026577 23301721.0
2788 2 440.794837886 461.053968823 26682619.0
2789 1 187.174678867 424.024805361 21795796.0
2789 2 439.458705354 459.687975174 25585329.0
2790 1 188.067060394 423.248033162 21782006.0
2790 2 441.971838499 461.776161522 25156748.0
2791 1 189.37957049 424.400434331 22174762.0
2791 2 444.911725044 465.518965169 24946009.0
2792 1 189.314468417 427.158673398 19980054.0
2792 2 444.586055327 466.309609621 23498223.0
2793 1 190.414277321 426.39939594 20808236.0
2793 2 446.288826122 467.10324191 24269888.0
2794 1 192.31959053 425.243442834 20315359.0
2794 2 446.726090723 468.61617246 27585853.0
2795 1 191.951359148 426.386852084 18824792.0
2795 2 446.45646778 466.648398603 26115135.0
2796 1 191.334599758 426.567563489 16805293.0
2796 2 444.297689244 469.429114013 24289684.0
2797 1 192.635228618 428.248160182 20542504.0
2797 2 444.723293099 469.600893501 27590357.0
2798 1 193.119768087 427.412006842 22591602.0
2798 2 445.193943465 470.602626641 25728955.0
2799 1 192.052326667 427.806786041 19082601.0
2799 2 446.329792752 469.254667484 26265567.0
2800 1 191.043391294 427.690779977 18937333.0
2800 2 446.001387743 468.904429522 26242621.0
2801 1 192.101171253 429.131137151 19640077.0
2801 2 445.472972603 469.510852647 25462788.0
2802 1 193.348091249 430.549020654 22674845.0
2802 2 444.553576942 470.654236115 25714654.0
2803 1 192.296417668 427.385398041 21912792.0
2803 2 444.953231449 469.678068042 23888482.0
2804 1 192.054473195 425.626711541 21910666.0
2804 2 443.622270911 468.302477652 21431171.0
2805 1 189.988837708 424.712238482 20514041.0
2805 2 441.737087885 467.733219962 23486802.0
2806 1 188.432722154 426.363182197 21894552.0
2806 2 442.099421569 468.322815951 24421208.0
2807 1 187.792697249 426.857927035 20639119.0
2807 2 442.952110709 468.198825162 25796744.0
2808 1 191.557436415 427.223532341 21832152.0
2808 2 443.495285767 466.190397513 24571815.0
2809 1 189.991717823 427.751122771 20124716.0
2809 2 443.350503582 467.00675877 22186640.0
2810 1 191.398467045 430.710707068 20910423.0
2810 2 442.342442032 471.837739776 23714485.0
2811 1 190.864924391 430.604171722 21103817.0
2811 2 444.797270075 470.426147934 28586126.0
2812 1 192.299587267 430.817501347 19723243.0
2812 2 445.400661332 467.854268068 24238318.0
2813 1 190.564413401 427.317881889 21167098.0
2813 2 443.665608896 464.736207688 25183123.0
2814 1 189.100284266 423.409400525 18777600.0
2814 2 442.196065883 463.296110691 26024540.0
2815 1 186.036789768 421.719188711 23374366.0
2815 2 439.970338713 463.920120003 27631191.0
2816 1 186.290053715 421.620374658 20316148.0
2816 2 439.789132596 462.547087424 30265818.0
2817 1 185.705999685 421.085766252 20628278.0
2817 2 438.290179225 460.732813989 24218879.0
2818 1 187.72404318 420.667264818 21050569.0
2818 2 439.46887701 458.569828406 27266352.0
2819 1 183.226932476 420.619257491 21427024.0
2819 2 438.416910946 458.110560029 26039545.0
2820 1 182.352581305 420.090812589 21156400.0
2820 2 438.538444305 455.11852886 24658369.0
2821 1 183.022081785 418.463225091 22632631.0
2821 2 437.991779188 456.712054308 23961683.0
2822 1 182.44798276 419.537104395 20481275.0
2822 2 435.382039193 460.121223606 27341979.0
2823 1 180.44633171 420.494919048 21119169.0
2823 2 433.887629939 460.341320877 24769264.0
2824 1 180.55760574 421.618674947 20259586.0
2824 2 434.073485647 461.867261911 26632879.0
2825 1 181.719680739 420.764059923 23383231.0
2825 2 432.544672731 462.70704915 27986064.0
2826 1 183.72711832 418.110547903 20504831.0
2826 2 432.941720249 460.998353891 26626834.0
