data/ser/2021-06-07/03_34_00_pipp/step-1_fwhm-22.0-factor-60.0.sources.ecsv
# %ECSV 0.9
# ---
# datatype:
# - {name: frame_id, datatype: int32}
# - {name: id, datatype: int32}
# - {name: xcentroid, datatype: float64}
# - {name: ycentroid, datatype: float64}
# - {name: sharpness, datatype: float64}
# - {name: roundness1, datatype: float64}
# - {name: roundness2, datatype: float64}
# - {name: npix, datatype: int32}
# - {name: sky, datatype: float64}
# - {name: peak, datatype: float64}
# - {name: flux, datatype: float64}
# - {name: mag, datatype: float64}
# schema: astropy-2.0
frame_id id xcentroid ycentroid sharpness roundness1 roundness2 npix sky peak flux mag
0 1 237.063234069 202.106689065 0.472799378763 -0.228140227532 0.0927612536937 841 0.0 46220.7428875 13.5958994341 -2.83351985885
0 2 510.729409076 246.892113092 0.425412967309 -0.0556680300434 0.202492163825 841 0.0 57661.3074153 17.6164493776 -3.11479595044
1 1 233.949608734 201.694776023 0.707132242306 0.113269879628 0.177918354045 841 0.0 56625.1976222 13.7048750879 -2.84218770387
1 2 509.805646964 245.673814044 0.565269234068 0.12086827852 0.207923654509 841 0.0 59444.3881236 16.402803162 -3.03729518319
2 1 233.85188033 200.507100587 0.64544222019 0.373802387779 0.0850453963458 841 0.0 47814.9817229 11.8405584972 -2.68343046934
2 2 508.505677097 246.697517765 0.491893845834 0.218188258255 0.282706146939 841 0.0 66120.1798847 19.379274022 -3.21834375917
3 1 234.802439574 201.140355526 0.607417096704 0.112536125378 0.217930272724 841 0.0 53433.2856868 14.3608601641 -2.89295113342
3 2 506.253820614 243.668550215 0.537911171965 0.278548856364 0.287685506369 841 0.0 56069.8225826 15.5683721874 -2.98060801392
4 1 232.990775661 200.328337321 0.737437847109 0.222996928539 0.0689930555985 841 0.0 46745.6640146 9.60894675346 -2.45668946703
4 2 506.73062712 242.152407324 0.712885478627 0.329365606187 0.118760480275 841 0.0 57075.5376257 13.0742286913 -2.79104019318
5 1 231.729112429 197.690797482 0.369615662156 0.274011671217 -0.404408297521 841 0.0 25312.6045451 7.05342477209 -2.1210000969
5 2 504.764694863 241.120533892 0.458119113227 0.248606059566 -0.10383562493 841 0.0 35479.0823368 9.29243047289 -2.42032330084
6 1 230.674000199 193.801715729 0.465895913943 0.422609847205 -0.353931175259 841 0.0 27800.5890597 6.53272168469 -2.03773539055
6 2 505.158229596 240.206277643 0.535637595564 0.361078226454 -0.217428305675 841 0.0 51812.9626417 12.0604360626 -2.70340752659
7 1 231.478104849 193.182756472 0.461903524634 0.285680074868 -0.0658380696588 841 0.0 21741.1269076 5.10468705281 -1.76992280611
7 2 506.508762688 240.719162117 0.360091990075 0.283733672133 -0.26987799971 841 0.0 38029.9189472 10.5954188274 -2.56279532164
8 1 229.488006245 195.57742283 0.263700511393 0.418365374855 0.287863363651 841 0.0 17976.711016 4.73888926587 -1.68919140153
8 2 507.48941615 239.75060251 0.444152028417 0.364278089137 -0.0669917921457 841 0.0 41395.6491687 10.7321306903 -2.57671488161
9 1 230.215263056 195.546243494 0.354522342534 -0.0602279397734 0.184655898572 841 0.0 33181.6035833 10.1933985003 -2.52079750708
9 2 506.853872855 239.182907581 0.359114757444 -0.13872279652 0.0826415366663 841 0.0 52547.8067458 16.3440906608 -3.03340190666
10 1 232.527023031 195.597549394 0.506557726831 0.437149591143 -0.0431178323569 841 0.0 33839.1553229 8.289841914 -2.29636562175
10 2 506.400863229 242.210223742 0.43760048749 -0.00824586386169 -0.180410670425 841 0.0 47265.6883618 11.9946930758 -2.69747284894
11 1 232.771285157 198.169118264 0.475581923239 0.336653052373 0.294167144666 841 0.0 31686.7468938 8.20448221163 -2.28512794436
11 2 507.606189725 244.734117561 0.386583433982 0.160950789461 -0.0368295181587 841 0.0 51168.6258708 15.2778336368 -2.96015444151
12 1 230.816064281 199.919192967 0.547401090516 0.0979075753124 0.0721356405284 841 0.0 46925.8863708 12.4244161583 -2.73568997437
12 2 506.677606348 242.992194211 0.451011474684 0.226033569618 0.105480886347 841 0.0 54947.6133507 15.9204941279 -3.00489135726
13 1 228.120116647 197.768592107 0.519736460267 0.300156834725 0.0943068362702 841 0.0 46126.4031333 12.6112209561 -2.75189283714
13 2 505.767281095 242.502485135 0.501859192226 0.153375243323 0.0657864926326 841 0.0 53471.0262813 14.4053058263 -2.89630620709
14 1 232.290222103 199.210104823 0.586316411884 -0.136807799476 0.244164880543 841 0.0 39713.9659062 9.58818830019 -2.45434138613
14 2 501.98897114 243.954558759 0.555930647182 0.0605925315098 0.151636376089 841 0.0 59962.4145229 15.4561637182 -2.97275427331
15 1 232.388759213 201.43582933 0.496051523702 0.0855031162259 -0.132980869432 841 0.0 31833.620225 8.15156585854 -2.27810260418
15 2 503.899756585 244.888320529 0.558581280813 0.290773229082 0.23227929956 841 0.0 55337.9454438 13.9620674633 -2.86237433035
16 1 229.691689676 199.069264223 0.526300933354 0.547125444102 0.422555051708 841 0.0 46677.6849368 12.1427542053 -2.7107930102
16 2 505.969226825 244.369116812 0.515448800493 0.608003991464 0.321970350604 841 0.0 58893.5348396 15.3357658182 -2.96426367028
17 1 231.027157874 200.467827429 0.510435370101 0.605820015373 0.321856887524 841 0.0 30387.5029625 8.22884560919 -2.28834728526
17 2 506.13259573 244.218361471 0.506294661659 0.418321272937 0.493226067671 841 0.0 66953.8835472 18.9184929827 -3.19221634558
18 1 228.035608423 197.324002638 0.536505172621 0.573761507454 0.189465006777 841 0.0 43796.5181125 11.067154489 -2.61008993102
18 2 505.811743677 243.890272403 0.456613128042 0.356161470202 0.459907852318 841 0.0 63203.1217451 19.3840846926 -3.21861324661
19 1 227.525424822 195.481429801 0.518397753482 0.250532825392 0.350305931894 841 0.0 48457.5071958 13.4996110777 -2.82580314175
19 2 504.722746227 244.443466743 0.444423322575 0.195052633766 0.154928088208 841 0.0 56434.3550188 16.1286501036 -3.01899505098
20 1 226.281629789 198.115756621 0.573261395322 0.386251283603 0.264885176659 841 0.0 56790.0025035 14.9124864709 -2.93387515668
20 2 502.366827616 243.883348787 0.599143135475 0.435472766134 0.292606213372 841 0.0 62010.9694597 15.3175839757 -2.96297567487
21 1 224.863342378 197.54478968 0.584529059386 0.133982709957 0.411665580754 841 0.0 48870.1558063 13.2300887357 -2.80390689265
21 2 502.205969472 243.307631828 0.536894399105 0.129045757925 0.351322943377 841 0.0 57808.8345708 15.9479976658 -3.00676540856
22 1 224.891665816 196.155221324 0.55124327095 -0.169795275802 0.242701022384 841 0.0 46852.9952188 12.6443415083 -2.75474054273
22 2 500.858261056 243.404988265 0.500337506391 -0.120698333962 0.264777335607 841 0.0 64935.7456021 19.2065823022 -3.208625229
23 1 226.410098709 196.102566739 0.635401094188 0.076995630547 0.205506773433 841 0.0 64001.3489007 15.9509807276 -3.00696847577
23 2 498.637275081 242.83517444 0.491360315713 0.177552882779 0.225238974731 841 0.0 60159.2006229 18.1749366382 -3.14868226372
24 1 222.796440583 195.806834976 0.478926006665 0.0980484701454 0.234615724995 841 0.0 41515.1031312 12.5320932308 -2.74505904274
24 2 498.325115067 241.133151098 0.434324677243 0.123722969411 0.266499451289 841 0.0 60690.7905542 19.7180609933 -3.23716051418
25 1 219.958409853 195.489974161 0.660454065714 0.136452320037 0.412047602722 841 0.0 46181.4392479 10.7867071132 -2.5822222167
25 2 495.904161363 240.795056421 0.448630046635 -0.0179036551397 0.55561788987 841 0.0 62374.5525396 19.3269324197 -3.21540732016
26 1 217.21166258 196.005146354 0.76657477602 0.00203961160481 0.370586122931 841 0.0 60985.7568021 13.6876120059 -2.84081921509
26 2 494.197427814 240.151242742 0.55359995588 -0.150531441279 0.190917055021 841 0.0 62497.616259 17.4174260546 -3.10245993855
27 1 218.121763874 195.461351644 0.485149064218 0.0219975531236 -0.0592153872284 841 0.0 45849.9309222 12.9897991415 -2.78400608931
27 2 492.090800767 237.73751856 0.484472263757 -0.0931353963492 -0.13116695977 841 0.0 61173.0470368 16.7159441441 -3.05782727823
28 1 218.093772354 194.139842935 0.56698548049 0.0321143999751 0.0940232545852 841 0.0 57732.1026854 15.7913596991 -2.99604881527
28 2 489.033407839 236.115438073 0.572272846552 0.0953767009628 0.125664434578 841 0.0 62592.1591917 17.0328721267 -3.07821971497
29 1 220.164130766 192.479824786 0.544763847038 -0.12891985553 0.304002168957 841 0.0 61442.8365458 17.7289809593 -3.12170943397
29 2 488.871447296 234.691431615 0.472744278967 0.0644051969646 0.194541929907 841 0.0 58196.7197465 18.0409451338 -3.14064821434
30 1 218.678313215 192.682412156 0.440149164144 0.34074246001 0.225014131923 841 0.0 42729.2062688 13.2788263699 -2.80789923058
30 2 491.698727662 234.513192188 0.504340002781 0.365674881426 0.220057224773 841 0.0 59211.61015 16.8791299141 -3.06837513961
31 1 218.470511534 193.11660874 0.416633934333 0.261353414128 0.170968240355 841 0.0 42761.6674535 13.4920060388 -2.82519131725
31 2 489.222529274 233.216401279 0.467040702398 0.447528215169 0.106277826304 841 0.0 52088.8192868 14.7490555059 -2.92191052507
32 1 216.644111246 193.025800031 0.38561409654 0.33156174738 -0.138224949977 841 0.0 37886.3948542 10.7969323722 -2.58325095282
32 2 490.382197734 233.945326905 0.413178322868 0.411389101162 0.0382707414964 841 0.0 49017.8484674 14.3912425555 -2.89524573253
33 1 219.322954691 191.909719263 0.358626055239 0.403920960377 -0.30843379219 841 0.0 30420.6641882 8.47566963703 -2.32043505131
33 2 492.788617164 235.672064136 0.465769027574 0.465812580024 -0.138414323762 841 0.0 44871.8893458 11.5167108066 -2.65332115377
34 1 221.25455829 196.199141111 0.494331637977 0.449914769776 0.136817394707 841 0.0 31320.0487396 7.92446140751 -2.24742438678
34 2 490.752521212 236.818295848 0.238901585111 0.181319726674 -0.489082192719 841 0.0 26043.9049875 8.62149082345 -2.3389559257
35 1 217.86890431 194.947198066 0.385078182104 0.384027719284 0.155822914084 841 0.0 36799.4690521 11.3140983571 -2.63404987471
35 2 489.954062162 237.590638592 0.45927633968 0.432842457124 0.155187669351 841 0.0 47102.6105139 12.9982912874 -2.78471566284
36 1 219.024592433 196.324367431 0.485843291849 0.212421489169 -0.0566737555957 841 0.0 40112.4445104 11.2900324344 -2.63173797396
36 2 490.606344479 236.27617111 0.456789127361 0.358893049116 0.0126697992072 841 0.0 42572.5343618 11.7796204727 -2.67782824538
37 1 219.308219732 195.716207243 0.483237925134 0.13543033046 0.109848513194 841 0.0 43139.8158938 11.8745081612 -2.68653907578
37 2 492.065458283 236.867746819 0.536772979463 0.36248360178 0.557759967345 841 0.0 54089.1958583 13.8083572095 -2.85035503329
38 1 218.849073201 195.992503182 0.390265283195 0.0591812533496 0.068317354714 841 0.0 36067.9677979 11.0315135745 -2.60658775933
38 2 491.620968529 235.888181555 0.520317103848 0.0619600553953 0.140020773642 841 0.0 58390.8590729 14.9588744348 -2.93724729179
39 1 218.187610608 195.224282106 0.49215731754 -0.165298731579 0.409228121979 841 0.0 61913.1742854 17.6732363251 -3.11829021212
39 2 490.528551591 236.349916869 0.469540823936 -0.318429393233 0.160017141369 841 0.0 62215.9943521 17.5033452043 -3.10780264528
40 1 214.176337514 193.638306303 0.497500013223 -0.229425162889 0.132578595201 841 0.0 46980.0781674 13.4154089522 -2.81900979035
40 2 489.48200736 235.174207569 0.438398140607 -0.0712720738817 0.187212803939 841 0.0 60083.6223931 17.6548373956 -3.11715930496
41 1 214.248328333 194.068332372 0.582879397446 0.0261761153752 0.16081874975 841 0.0 48215.9746306 12.1855938763 -2.71461674946
41 2 489.250755166 237.002036694 0.392496366206 -0.17666936082 -0.0814948731171 841 0.0 44524.0255833 13.2779360492 -2.80782643154
42 1 214.999787132 194.547228677 0.451172421063 -0.25252534273 0.278328141934 841 0.0 45664.4007132 13.9372722727 -2.8604444608
42 2 490.061876789 237.514306127 0.539097235364 0.0194521143047 0.200959142841 841 0.0 63758.1518639 17.3702841592 -3.09951730774
43 1 212.343680908 194.220272186 0.586371730492 0.138967251534 0.234428054145 841 0.0 52680.218309 13.646586066 -2.83756004637
43 2 489.423625417 238.552731841 0.484116077811 0.08366015249 0.111156964663 841 0.0 57321.4415264 16.5070393534 -3.04417296665
44 1 213.971472389 195.063185728 0.381647595373 0.184635433702 0.0249098037516 841 0.0 33975.5486875 11.2612113269 -2.6289627712
44 2 490.537446726 238.030845371 0.460096989453 0.221055162019 0.0326072640527 841 0.0 55850.6746 16.4446153867 -3.04005930121
45 1 214.236148228 194.45265135 0.398423515454 0.370982328196 0.210952582109 841 0.0 38892.5352104 12.2042677527 -2.71627931795
45 2 490.165861904 235.26009419 0.459942394897 0.596305060103 -0.0421314607909 841 0.0 43557.5784694 11.9850571112 -2.69660026969
46 1 215.073553572 195.633820875 0.603559192283 0.00690369924783 0.323068514647 841 0.0 45560.7382125 11.4754275499 -2.64942218848
46 2 487.24505759 238.209069505 0.641761266226 0.22239388269 0.258390885972 841 0.0 60368.4188729 14.7958105635 -2.9253469056
47 1 216.139024245 195.488429406 0.512587139148 0.166234576051 -0.0605876452551 841 0.0 36283.673025 9.7251840672 -2.46974457477
47 2 488.523273359 238.587905632 0.450163257305 0.349816772364 0.183351292956 841 0.0 53651.6721792 15.1934701831 -2.95414244474
48 1 215.503702403 195.935953362 0.411642963159 0.12307616905 -0.144821789961 841 0.0 37987.6920708 10.7807813985 -2.58162559989
48 2 488.009750763 236.938696759 0.518015970718 0.28477384667 0.10300022033 841 0.0 62672.2179979 16.4119605988 -3.03790116415
49 1 213.677648278 192.691926038 0.535647778483 0.187836706816 0.0639803603283 841 0.0 48249.7083187 12.4564473491 -2.73848549171
49 2 490.246129292 235.776582923 0.460119988063 0.0695799674216 0.0929626166401 841 0.0 56367.4416354 15.5143831175 -2.97683627964
50 1 213.781697737 190.434674527 0.446041892642 0.0669429584133 0.0619285259413 841 0.0 41473.5238333 12.1364859095 -2.71023239003
50 2 488.159225918 235.185020088 0.380069441784 0.152887830087 0.161590279334 841 0.0 61082.6958979 20.0085781804 -3.25304057137
51 1 214.243624903 190.418787507 0.66423292638 0.1121919176 0.396513830445 841 0.0 51846.3107431 12.1593596543 -2.71227676096
51 2 488.08614538 235.981925706 0.566282546396 0.310485130495 0.392721149414 841 0.0 61604.5927028 16.2181524097 -3.02500344344
52 1 217.200235666 194.00367401 0.676075794045 0.0859359281634 0.325840681252 841 0.0 61091.1390208 14.700988018 -2.91836630904
52 2 490.405287767 240.480063796 0.590377168203 0.303875685786 0.324863682112 841 0.0 63225.9599222 15.6749844397 -2.98801779596
53 1 217.006895063 195.111906881 0.433706084951 0.00211095360906 -0.350365494361 841 0.0 27989.4153958 7.51166402042 -2.18934038673
53 2 490.886865003 240.065352642 0.44839014785 0.206455652157 0.154582322233 841 0.0 60319.5256396 17.5241855037 -3.10909460447
54 1 215.590090067 193.802505391 0.471643901683 0.0721630156493 0.0531919230969 841 0.0 34545.9864146 9.90089377885 -2.48918600308
54 2 492.284795635 238.16578046 0.512748221575 0.0481736537928 0.275640575279 841 0.0 65806.3953951 17.603070606 -3.11397107734
55 1 217.253494024 194.684140971 0.576616678101 0.113576069483 -0.133583771207 841 0.0 43608.3013076 11.3108257577 -2.63373578042
55 2 493.276360262 237.570941081 0.493885675543 0.0284264614048 0.170910828611 841 0.0 61557.7355833 17.2239762205 -3.09033354307
56 1 215.88323558 195.627052561 0.327564367471 0.418993456647 -0.242651671228 841 0.0 31681.1076896 10.403956623 -2.54299633209
56 2 490.455890863 234.805148169 0.374785091537 0.210847964835 0.341706064356 841 0.0 62235.0418604 19.3495238013 -3.21667570336
57 1 215.824395216 194.912565266 0.593668986635 0.110641081052 0.112102525289 841 0.0 47172.7140021 11.9676942714 -2.69502621527
57 2 488.011894853 234.486630947 0.52490805231 0.268596249917 0.281959867157 841 0.0 61638.5457542 17.0016575282 -3.07622815937
58 1 214.572030121 198.101094286 0.507457953799 -0.105779505172 -0.071786327112 841 0.0 29086.6304972 7.62126792264 -2.20506807336
58 2 486.174388463 237.545291082 0.486112420948 0.000814423577877 0.117546774929 841 0.0 59338.3711764 16.2137905804 -3.02471139827
59 1 214.855485035 199.584745928 0.382017583788 -0.00709410980419 -0.111292989089 841 0.0 28870.2892271 8.91637342432 -2.37547062191
59 2 482.72118607 238.938154898 0.507738311456 -0.0591215804798 0.227778870824 841 0.0 47903.3621375 12.7281505169 -2.76191325606
60 1 214.260105413 199.897297551 0.456155298603 -0.178338267805 0.0733304981822 841 0.0 40879.1775493 10.9345660181 -2.59700387751
60 2 484.784093545 238.150202293 0.452744696697 0.177500330572 -0.258905452537 841 0.0 33331.1223681 8.88831702789 -2.37204884149
61 1 215.856581698 198.565632404 0.488000683204 -0.417311307315 -0.101469546335 841 0.0 48952.3586708 13.8998129121 -2.857522387
