data/ser/2021-06-07/03_34_00_pipp/step-1_fwhm-22.0-factor-60.0_radius-66.0.aperture_sum.ecsv
# %ECSV 0.9
# ---
# datatype:
# - {name: frame_id, datatype: int32}
# - {name: id, datatype: int32}
# - {name: xcenter, unit: pix, datatype: float64}
# - {name: ycenter, unit: pix, datatype: float64}
# - {name: aperture_sum, datatype: float64}
# meta: !!omap
# - {name: Aperture photometry results}
# - {version: 'astropy: 4.2, photutils: 1.0.1'}
# - {aperture_photometry_args: 'method=''center'', subpixels=5'}
# - {radius: 66.0}
# schema: astropy-2.0
frame_id id xcenter ycenter aperture_sum
0 1 237.063234069 202.106689065 21853793.0
0 2 510.729409076 246.892113092 27354017.0
1 1 233.949608734 201.694776023 19110410.0
1 2 509.805646964 245.673814044 22569354.0
2 1 233.85188033 200.507100587 19283596.0
2 2 508.505677097 246.697517765 27039367.0
3 1 234.802439574 201.140355526 20139123.0
3 2 506.253820614 243.668550215 23824122.0
4 1 232.990775661 200.328337321 21529187.0
4 2 506.73062712 242.152407324 22492296.0
5 1 231.729112429 197.690797482 20994417.0
5 2 504.764694863 241.120533892 24263552.0
6 1 230.674000199 193.801715729 20941759.0
6 2 505.158229596 240.206277643 29226135.0
7 1 231.478104849 193.182756472 17796584.0
7 2 506.508762688 240.719162117 25970237.0
8 1 229.488006245 195.57742283 19277375.0
8 2 507.48941615 239.75060251 26018388.0
9 1 230.215263056 195.546243494 22045793.0
9 2 506.853872855 239.182907581 29766277.0
10 1 232.527023031 195.597549394 21225056.0
10 2 506.400863229 242.210223742 28767055.0
11 1 232.771285157 198.169118264 19611322.0
11 2 507.606189725 244.734117561 27800748.0
12 1 230.816064281 199.919192967 21294825.0
12 2 506.677606348 242.992194211 26186358.0
13 1 228.120116647 197.768592107 21637409.0
13 2 505.767281095 242.502485135 25801195.0
14 1 232.290222103 199.210104823 20469698.0
14 2 501.98897114 243.954558759 26702075.0
15 1 232.388759213 201.43582933 20247718.0
15 2 503.899756585 244.888320529 25005188.0
16 1 229.691689676 199.069264223 22953399.0
16 2 505.969226825 244.369116812 27631188.0
17 1 231.027157874 200.467827429 17427103.0
17 2 506.13259573 244.218361471 27200279.0
18 1 228.035608423 197.324002638 22139993.0
18 2 505.811743677 243.890272403 26850777.0
19 1 227.525424822 195.481429801 21781664.0
19 2 504.722746227 244.443466743 27607129.0
20 1 226.281629789 198.115756621 22621111.0
20 2 502.366827616 243.883348787 25222016.0
21 1 224.863342378 197.54478968 19691388.0
21 2 502.205969472 243.307631828 24158454.0
22 1 224.891665816 196.155221324 21382606.0
22 2 500.858261056 243.404988265 26213450.0
23 1 226.410098709 196.102566739 23120746.0
23 2 498.637275081 242.83517444 24284263.0
24 1 222.796440583 195.806834976 19622131.0
24 2 498.325115067 241.133151098 25260424.0
25 1 219.958409853 195.489974161 20023416.0
25 2 495.904161363 240.795056421 27243583.0
26 1 217.21166258 196.005146354 20032808.0
26 2 494.197427814 240.151242742 24314554.0
27 1 218.121763874 195.461351644 21803372.0
27 2 492.090800767 237.73751856 28242199.0
28 1 218.093772354 194.139842935 21775908.0
28 2 489.033407839 236.115438073 23544363.0
29 1 220.164130766 192.479824786 22404603.0
29 2 488.871447296 234.691431615 23981499.0
30 1 218.678313215 192.682412156 21103032.0
30 2 491.698727662 234.513192188 25080567.0
31 1 218.470511534 193.11660874 21690388.0
31 2 489.222529274 233.216401279 25350731.0
32 1 216.644111246 193.025800031 23812455.0
32 2 490.382197734 233.945326905 26175851.0
33 1 219.322954691 191.909719263 21801020.0
33 2 492.788617164 235.672064136 25585045.0
34 1 221.25455829 196.199141111 20144936.0
34 2 490.752521212 236.818295848 21992873.0
35 1 217.86890431 194.947198066 21692258.0
35 2 489.954062162 237.590638592 24496479.0
36 1 219.024592433 196.324367431 20979851.0
36 2 490.606344479 236.27617111 23231340.0
37 1 219.308219732 195.716207243 22217998.0
37 2 492.065458283 236.867746819 25501820.0
38 1 218.849073201 195.992503182 21470393.0
38 2 491.620968529 235.888181555 28227524.0
39 1 218.187610608 195.224282106 25736495.0
39 2 490.528551591 236.349916869 28515758.0
40 1 214.176337514 193.638306303 21908117.0
40 2 489.48200736 235.174207569 28364407.0
41 1 214.248328333 194.068332372 21373741.0
41 2 489.250755166 237.002036694 25512344.0
42 1 214.999787132 194.547228677 21596816.0
42 2 490.061876789 237.514306127 26003577.0
43 1 212.343680908 194.220272186 21382858.0
43 2 489.423625417 238.552731841 25163611.0
44 1 213.971472389 195.063185728 19781739.0
44 2 490.537446726 238.030845371 25852971.0
45 1 214.236148228 194.45265135 21142731.0
45 2 490.165861904 235.26009419 23602112.0
46 1 215.073553572 195.633820875 19970162.0
46 2 487.24505759 238.209069505 23086479.0
47 1 216.139024245 195.488429406 19307136.0
47 2 488.523273359 238.587905632 26936215.0
48 1 215.503702403 195.935953362 22955654.0
48 2 488.009750763 236.938696759 27921522.0
49 1 213.677648278 192.691926038 23211242.0
49 2 490.246129292 235.776582923 28692990.0
50 1 213.781697737 190.434674527 22044393.0
50 2 488.159225918 235.185020088 29061404.0
51 1 214.243624903 190.418787507 21200072.0
51 2 488.08614538 235.981925706 25139844.0
52 1 217.200235666 194.00367401 21531039.0
52 2 490.405287767 240.480063796 26262774.0
53 1 217.006895063 195.111906881 18979635.0
53 2 490.886865003 240.065352642 28071176.0
54 1 215.590090067 193.802505391 19286338.0
54 2 492.284795635 238.16578046 29123118.0
55 1 217.253494024 194.684140971 19767388.0
55 2 493.276360262 237.570941081 27154941.0
56 1 215.88323558 195.627052561 21150733.0
56 2 490.455890863 234.805148169 31555676.0
57 1 215.824395216 194.912565266 20918366.0
57 2 488.011894853 234.486630947 26310112.0
58 1 214.572030121 198.101094286 17854280.0
58 2 486.174388463 237.545291082 27615582.0
59 1 214.855485035 199.584745928 19371895.0
59 2 482.72118607 238.938154898 24929917.0
60 1 214.260105413 199.897297551 23794315.0
60 2 484.784093545 238.150202293 21413120.0
61 1 215.856581698 198.565632404 22601957.0
61 2 487.529500144 240.803993984 21949027.0
62 1 214.646881513 200.429592124 23971542.0
62 2 485.079915556 241.315013933 28848767.0
63 1 214.236642471 198.552565346 23560850.0
63 2 484.900828264 241.322853822 24727067.0
64 1 216.222703071 197.626204415 19268103.0
64 2 488.240575596 241.193279882 24406899.0
65 1 219.394486651 197.624886946 21843444.0
65 2 488.797299671 240.735024259 26438397.0
66 1 220.40974684 196.831598655 24017556.0
66 2 491.214055103 241.883547847 26665812.0
67 1 220.857688585 196.806339442 25270390.0
67 2 491.374077012 241.129183453 24865296.0
68 1 220.326314175 196.289514468 19910024.0
68 2 491.798040742 242.457822468 28354549.0
69 1 217.635754564 198.246646869 21864396.0
69 2 491.882686761 242.491048495 28705158.0
70 1 216.355032058 199.75543151 20620721.0
70 2 491.693683618 242.23274622 23714487.0
71 1 217.239365811 200.672564073 22410107.0
71 2 490.376943295 245.763048113 22701914.0
72 1 221.482577404 200.164249032 21343195.0
72 2 493.997050569 248.631279604 27529405.0
73 1 220.874386782 202.305051371 19804014.0
73 2 496.178354219 249.605992953 26178717.0
74 1 220.589566894 204.424782528 20000092.0
74 2 493.836965966 250.168026208 26590801.0
75 1 222.687846305 204.825656717 20113118.0
75 2 496.074511907 248.802845602 26687508.0
76 1 221.372348939 204.85732953 22891835.0
76 2 497.177525946 246.793436535 25503417.0
77 1 222.758732951 206.239223847 25393246.0
77 2 496.968745376 249.955110043 23704130.0
78 1 223.126933983 209.227681845 23934974.0
78 2 496.593419137 251.679419782 23772830.0
79 1 224.980496406 210.732052662 21807858.0
79 2 498.814717831 251.675565973 25731767.0
80 1 224.012132311 209.059873012 21514510.0
80 2 501.332953846 253.624163203 25056481.0
81 1 223.931966574 208.568924785 23246766.0
81 2 500.256123035 253.398250062 28734193.0
82 1 223.488882579 209.735770179 20199726.0
82 2 501.172337813 251.458785379 26624735.0
83 1 223.469377708 209.089159584 21347163.0
83 2 501.688266695 252.76433244 27583068.0
84 1 225.542940693 207.815211675 23040175.0
84 2 500.572514331 252.013571479 26831940.0
85 1 224.109858399 207.623440083 21065305.0
85 2 500.264837481 249.967158672 21225051.0
86 1 224.492739832 208.619442696 20720159.0
86 2 502.047051772 252.743121814 22753670.0
87 1 223.08264049 210.495561635 20332101.0
87 2 500.390066391 251.714997887 25267735.0
88 1 224.773871728 211.549946796 20720376.0
88 2 500.320675451 252.476499578 24489732.0
89 1 225.817033334 211.073127011 22939798.0
89 2 497.361734627 252.341522057 25860475.0
90 1 224.813185857 211.70816923 21559578.0
90 2 497.313668016 252.242939461 24739627.0
91 1 226.838388012 212.792397588 19674826.0
91 2 496.9795882 253.772609107 24195549.0
92 1 225.805247279 213.777722479 24687865.0
92 2 496.58258381 253.62113413 24693410.0
93 1 224.646951511 212.266017876 17971827.0
93 2 497.60734215 254.085475378 25399146.0
94 1 221.91281691 211.687972589 19509008.0
94 2 496.252230378 252.918382947 25889855.0
95 1 221.753434103 211.855675662 22876006.0
95 2 498.044510249 253.049982049 24629385.0
96 1 222.713682019 209.708002655 24475637.0
96 2 495.451560922 250.463958835 27904585.0
97 1 221.488849395 209.795484226 21351616.0
97 2 493.32559907 250.3673863 25464511.0
98 1 221.491633717 208.73192133 23283419.0
98 2 494.290487376 252.703904552 25451302.0
99 1 219.788699229 210.956120492 23146102.0
99 2 493.376100122 255.695244611 22992008.0
100 1 216.752403892 210.890205257 23190222.0
100 2 490.937783543 255.154674374 25002942.0
101 1 216.318034947 213.682235596 18914555.0
101 2 488.392114361 254.755810239 23856617.0
102 1 217.352009342 213.572328645 20433531.0
102 2 490.32521087 255.202550146 28527007.0
103 1 214.632287461 213.393194875 20352712.0
103 2 491.3451938 254.647595252 29119135.0
104 1 218.846041642 214.393514836 19898650.0
104 2 490.453373136 256.575691079 29640821.0
105 1 216.918215532 210.463125083 19906437.0
105 2 489.894360909 252.802439198 28783291.0
106 1 218.474391242 212.621668701 20109439.0
106 2 490.365871436 252.217443657 26707021.0
107 1 218.634209583 212.598839005 20599439.0
107 2 490.973795872 249.606333592 26535317.0
108 1 217.626862405 209.412330608 22066520.0
108 2 491.072496565 249.068620086 25061420.0
109 1 218.686225299 209.715158082 21730179.0
109 2 493.34592163 250.374343117 24047858.0
110 1 217.982190486 208.735945503 20827565.0
110 2 491.382955001 250.149862812 23820212.0
111 1 216.264083516 208.582339116 24136474.0
111 2 490.797805413 250.822349974 24595830.0
112 1 215.152374691 209.808324165 22372995.0
112 2 489.158277203 250.72672016 24112852.0
113 1 214.23682744 209.52399161 20234198.0
113 2 489.158975402 251.015857676 25592541.0
114 1 214.736524591 210.491947565 22420539.0
114 2 489.263098979 250.182069326 27264189.0
115 1 212.782780071 209.678201486 23119250.0
115 2 487.960073639 247.82071264 28241249.0
116 1 212.49476614 208.90594342 24192790.0
116 2 485.28805308 246.83337468 26509016.0
117 1 212.372522517 208.667417474 21794420.0
117 2 485.713965258 250.429300551 25912056.0
118 1 212.487626491 209.84432163 20152299.0
118 2 487.602992134 252.140261866 27578420.0
119 1 214.83100336 210.360797645 20664226.0
119 2 487.899498558 251.747809181 23728588.0
120 1 214.944656408 209.80084099 21040530.0
120 2 488.525715282 252.191095343 25131021.0
121 1 214.034066771 210.459650842 22073731.0
121 2 486.311084328 253.978841511 24911812.0
122 1 213.197692145 212.141618652 19171388.0
122 2 488.087239749 255.532688161 25279370.0
123 1 213.111806608 212.951163891 21612073.0
123 2 485.395467509 253.725586788 25060360.0
124 1 211.193290219 212.826890171 21001535.0
124 2 484.717548904 254.674019789 25542576.0
125 1 213.177483064 211.566669198 21371784.0
125 2 484.949675315 254.26024514 26144570.0
126 1 212.514055831 210.988572942 20412059.0
126 2 482.431625186 254.17701545 26958736.0
127 1 211.690003347 211.457200557 21845038.0
127 2 483.92489133 254.561818542 24213788.0
128 1 212.234321584 210.984238851 20903306.0
128 2 486.651727678 256.523645104 25237390.0
129 1 211.490597262 209.971846595 22946811.0
129 2 487.898170127 255.814493057 23513181.0
130 1 211.641771874 210.176022076 20870423.0
130 2 487.123325383 255.559210527 24195227.0
131 1 214.181320976 209.472039652 20599730.0
131 2 485.305033226 255.948377497 25260587.0
132 1 214.211061366 211.512834473 19982196.0
132 2 485.702152856 254.769736881 26092890.0
133 1 214.100478736 212.703725936 23272869.0
133 2 486.544709016 255.889510387 24033367.0
134 1 212.89297435 212.859073054 19051085.0
134 2 487.514514589 255.900368073 26160355.0
135 1 214.170527392 213.859030399 20213988.0
135 2 485.814522551 257.0829464 27072241.0
136 1 211.35961867 212.852650617 21827406.0
136 2 484.813466678 258.233848768 25823736.0
137 1 212.428159345 213.517586484 20997904.0
137 2 486.427875319 259.355054347 29230806.0
138 1 212.516153787 215.211438817 20235275.0
138 2 487.054706325 258.580850532 26412601.0
139 1 212.255754797 213.888409931 23175865.0
139 2 486.21075765 257.754791783 25314637.0
140 1 212.765021471 215.481642578 21789964.0
140 2 484.482785209 258.352402052 29342533.0
141 1 215.322741768 216.481260102 20726122.0
141 2 488.395808573 259.115754463 27667096.0
142 1 216.75047605 216.716014361 21540256.0
142 2 492.227598764 261.051766891 27531233.0
143 1 216.00902247 218.895650577 21930424.0
143 2 490.655506095 259.228442588 28521944.0
144 1 215.703605549 220.112577479 21334109.0
144 2 490.972539212 261.222357112 26179310.0
145 1 216.898551899 222.465418837 20868453.0
145 2 490.255304135 263.185589924 29675942.0
146 1 217.046321636 221.246596611 22792809.0
146 2 490.023338441 262.725684679 25837117.0
147 1 216.74658473 222.88591612 20705070.0
147 2 490.584974957 263.94786096 24478896.0
148 1 216.592446957 222.89201322 21599172.0
148 2 492.643652046 265.01985562 23474358.0
149 1 216.484968716 222.014361945 20535893.0
149 2 491.346435304 264.458354085 29469026.0
150 1 216.912282941 220.939703501 22169401.0
150 2 487.98601523 264.002305384 25965653.0
151 1 216.758058558 220.248145681 22398505.0
151 2 491.015775483 262.829812859 27717008.0
152 1 216.492610768 219.708027893 19395610.0
152 2 490.389847587 261.33811181 25801307.0
153 1 216.402230749 219.830892491 21155823.0
153 2 490.692510734 262.918415237 25039175.0
154 1 216.233146385 219.043345375 22562307.0
154 2 491.601757102 260.558973897 27454759.0
155 1 217.029945084 220.7326303 20575564.0
155 2 491.37741068 259.527130641 23675247.0
156 1 218.299776643 221.631872575 19583368.0
156 2 493.027215688 260.220232459 22643517.0
157 1 219.602152502 221.731061699 22008938.0
157 2 495.171589061 261.442651533 27405289.0
158 1 221.182709871 223.639448663 21032749.0
158 2 495.883536779 264.713643831 23892938.0
159 1 222.011521639 225.713147884 22988814.0
159 2 496.70104627 265.88737866 24180039.0
160 1 222.589442354 225.209945673 22742593.0
160 2 496.835079354 267.256253343 22225310.0
161 1 221.570049585 223.620356214 21031260.0
161 2 496.719157052 265.278500902 26639914.0
162 1 220.833386518 224.713169748 21630149.0
162 2 494.797594628 266.781673224 28953491.0
163 1 221.001128792 222.332328129 21336864.0
163 2 494.387002631 266.546562524 26204130.0
164 1 221.321263764 223.346160947 20948281.0
164 2 495.032167674 268.11328135 23712251.0
165 1 221.024142836 222.17000894 21402032.0
165 2 494.073778469 268.535500384 26622838.0
166 1 218.617555408 223.701713084 18259570.0
166 2 494.310798295 267.624172309 27360857.0
167 1 219.994477349 223.572867977 20470670.0
167 2 495.237882132 269.7285587 28778099.0
168 1 223.031296073 223.225867727 22078346.0
168 2 496.921053226 266.785083607 30965176.0
169 1 220.030010276 222.80445617 20652918.0
169 2 496.93807052 266.196153121 24055339.0
170 1 220.927880548 222.825081951 23085161.0
170 2 494.237787127 265.611101025 25392076.0
171 1 220.59774296 225.573122144 21948474.0
171 2 491.437169286 268.237613974 27578905.0
172 1 222.369305552 228.636479901 23319378.0
172 2 493.768414957 270.094683567 29720745.0
173 1 223.547330173 229.475114046 23253280.0
173 2 493.703341371 271.386743608 25475976.0
174 1 222.924483884 226.877790546 22774650.0
174 2 497.032641191 271.194155422 27497755.0
175 1 224.764125559 227.019003871 24575003.0
175 2 496.963048886 270.787659855 25818551.0
176 1 224.868807495 227.108632407 22640366.0
176 2 498.773783563 270.623841999 23042015.0
177 1 224.7546774 225.837174973 24322382.0
177 2 494.623734159 271.809026159 26833685.0
178 1 224.16803012 227.474250013 22670503.0
178 2 494.484466154 272.549648815 27682248.0
179 1 220.051183187 228.123172359 19673691.0
179 2 494.158108282 275.14668628 23403031.0
180 1 221.367954379 231.105399851 18007424.0
180 2 493.277499544 273.792841659 26766198.0
