data/ser/2021-06-07/03_34_00_pipp/step-1_fwhm-22.0-factor-60.0_radius-48.400000000000006.aperture_sum.ecsv
# %ECSV 0.9
# ---
# datatype:
# - {name: frame_id, datatype: int32}
# - {name: id, datatype: int32}
# - {name: xcenter, unit: pix, datatype: float64}
# - {name: ycenter, unit: pix, datatype: float64}
# - {name: aperture_sum, datatype: float64}
# meta: !!omap
# - {name: Aperture photometry results}
# - {version: 'astropy: 4.2, photutils: 1.0.1'}
# - {aperture_photometry_args: 'method=''center'', subpixels=5'}
# - {radius: 48.400000000000006}
# - __serialized_columns__:
#     xcenter:
#       __class__: astropy.units.quantity.Quantity
#       unit: &id001 !astropy.units.Unit {unit: pix}
#       value: !astropy.table.SerializedColumn {name: xcenter}
#     ycenter:
#       __class__: astropy.units.quantity.Quantity
#       unit: *id001
#       value: !astropy.table.SerializedColumn {name: ycenter}
# schema: astropy-2.0
frame_id id xcenter ycenter aperture_sum
[from data line 8437]
4227 2 431.015865165 567.629554967 38049986.0
4228 1 186.259085757 526.526337162 33830241.0
4228 2 430.106735401 566.585141064 40274107.0
4229 1 184.266410203 526.396381509 34072230.0
4229 2 428.250009432 567.589866257 39475790.0
4230 1 185.02469484 528.186859761 34078512.0
4230 2 427.399154331 567.812482814 37301899.0
4231 1 184.677878265 528.587315952 34686964.0
4231 2 429.071814637 568.161031988 34995495.0
4232 1 184.90213321 527.919410724 33792460.0
4232 2 428.068143023 569.318184259 36493157.0
4233 1 184.635060374 529.429089284 33969403.0
4233 2 425.582642816 568.856219263 37209679.0
4234 1 185.93912331 529.937253564 33139216.0
4234 2 428.447659006 571.114697306 35807960.0
4235 1 185.323143738 531.292039812 33228457.0
4235 2 428.121583114 571.056479483 33847397.0
4236 1 184.776821025 532.387388318 33422801.0
4236 2 426.731825812 569.793963367 37692591.0
4237 1 186.571519111 531.107591979 32824126.0
4237 2 428.37356553 570.115203291 38285226.0
4238 1 187.696082889 532.919414706 34757306.0
4238 2 431.056700349 570.972988479 37976283.0
4239 1 185.827944522 533.790087685 31697074.0
4239 2 428.414705014 571.311975448 36327621.0
4240 1 186.155082637 531.552251252 32436495.0
4240 2 426.618505224 569.381093303 36152557.0
4241 1 184.300780467 530.070154367 33247918.0
4241 2 426.08733441 569.06508576 35523274.0
4242 1 184.199714642 529.141358424 34538215.0
4242 2 426.501466721 569.573677012 36788199.0
4243 1 184.68975764 530.407143532 33871655.0
4243 2 426.883957584 570.379757029 38901773.0
4244 1 183.79825746 533.320710871 32540138.0
4244 2 426.098220908 570.872987736 38319314.0
4245 1 184.942760702 533.695394801 32589675.0
4245 2 428.181010801 572.604458166 34670576.0
4246 1 188.429419442 533.054055095 32082982.0
4246 2 430.975809728 573.608414343 36846354.0
4247 1 186.840857385 531.396458115 31669919.0
4247 2 427.231711421 571.4107532 39674847.0
4248 1 186.302421198 530.447990819 33084279.0
4248 2 428.245329444 572.12079387 39214587.0
4249 1 186.242537752 529.063871145 33844709.0
4249 2 428.295541681 569.576870131 37767218.0
4250 1 184.370487534 528.841935614 32636691.0
4250 2 425.740120206 567.523003001 40879883.0
4251 1 184.870871409 530.96143263 31967449.0
4251 2 424.406784645 566.943910653 34912591.0
4252 1 183.565112758 530.850198635 35677849.0
4252 2 423.683106872 571.240472753 36421847.0
4253 1 180.635520508 532.271930571 32014501.0
4253 2 422.993491512 573.134647529 36777607.0
4254 1 181.76086847 534.64606671 32584878.0
4254 2 424.452129246 574.806349056 36637604.0
4255 1 185.277982204 535.422291206 33494508.0
4255 2 427.002638457 575.851930504 37904912.0
4256 1 185.607093812 534.322013435 32838197.0
4256 2 427.9853338 575.988595317 39164775.0
4257 1 185.063715068 534.625470121 34032065.0
4257 2 426.152483263 574.198129756 35723918.0
4258 1 184.391109795 532.279911736 32767665.0
4258 2 424.721084595 571.256621727 34749734.0
4259 1 182.537542987 530.765947557 31749486.0
4259 2 424.208585664 570.256462442 35961085.0
4260 1 180.870402902 532.499639822 31374064.0
4260 2 425.391406627 570.408688883 35266513.0
4261 1 187.041123033 533.589069062 33214607.0
4261 2 426.503822597 570.986080049 36028992.0
4262 1 188.195354269 533.190101703 34432437.0
4262 2 429.485697199 573.116339484 36490594.0
4263 1 186.92260609 532.419692069 32118522.0
4263 2 430.87951648 573.811167805 37273756.0
4264 1 185.138891291 532.446550997 31282297.0
4264 2 429.203129934 572.759662725 36605525.0
4265 1 181.624616457 533.109137569 29919840.0
4265 2 428.7936085 571.689944659 37129706.0
4266 1 184.771247415 534.654002478 33026094.0
4266 2 429.4668316 573.722418102 36031765.0
4267 1 183.590933115 532.321204639 32802077.0
4267 2 427.812343483 572.98898321 36168765.0
4268 1 183.405229499 533.551511702 32227480.0
4268 2 426.584317193 572.788883082 35902672.0
4269 1 183.433828884 533.337082569 34010190.0
4269 2 426.335426852 572.798784393 38589018.0
4270 1 182.972595186 529.847324361 34116128.0
4270 2 424.764465217 571.00836505 36781128.0
4271 1 181.462913939 529.011368757 33440374.0
4271 2 423.57666997 569.59512537 35989445.0
4272 1 181.599885816 530.743867438 33144681.0
4272 2 425.004216888 568.844961036 36244081.0
4273 1 185.4835332 530.367797515 32105403.0
4273 2 425.034321143 567.751570281 38422034.0
4274 1 185.366924866 529.584534183 35834852.0
4274 2 424.747023418 568.502022911 39042379.0
4275 1 184.892415601 529.747593216 31698846.0
4275 2 423.743076883 570.211891619 36434475.0
4276 1 182.160736036 530.298672497 33349852.0
4276 2 425.237260795 574.676575484 37778903.0
4277 1 182.869023547 531.52866474 33334234.0
4277 2 426.080506409 576.138118652 35333524.0
4278 1 183.180688583 533.135802843 32578156.0
4278 2 426.019596029 576.07940033 37521132.0
4279 1 183.155864089 534.588784729 32564479.0
4279 2 426.841596377 575.157447022 40379977.0
4280 1 182.998642472 535.44587208 33747347.0
4280 2 427.86697003 576.187812914 39327112.0
4281 1 184.576134305 533.869405243 33877512.0
4281 2 428.866146876 577.491948756 36274432.0
4282 1 182.957530373 535.490025779 32018302.0
4282 2 426.089935303 577.511823016 39852280.0
4283 1 183.568625245 536.481041069 32582515.0
4283 2 426.204965083 576.12687612 36997214.0
4284 1 184.680973221 537.563983253 33482382.0
4284 2 426.42139371 574.461533098 35147101.0
4285 1 183.783725365 536.043164181 33834186.0
4285 2 427.748763303 575.387864709 35543405.0
4286 1 183.782970134 534.603734356 33006059.0
4286 2 427.915842187 575.266013959 37301894.0
4287 1 182.085165771 534.690234189 30788197.0
4287 2 425.619773245 572.513184634 37850278.0
4288 1 182.92774558 533.699860166 32768436.0
4288 2 424.355876387 571.858463231 37943210.0
4289 1 185.397605843 535.519091163 31761416.0
4289 2 425.923654651 572.976120382 37352814.0
4290 1 183.48094293 537.881974238 32618440.0
4290 2 426.783635533 575.486072044 36116509.0
4291 1 184.445261209 535.64759204 34985485.0
4291 2 427.309027878 575.532652289 37536557.0
4292 1 185.475969076 533.354395507 35548346.0
4292 2 426.98097424 575.733852639 41313540.0
4293 1 184.362025439 533.8130657 32778556.0
4293 2 426.944214916 575.586317497 36370690.0
4294 1 183.591702908 533.37581117 31751851.0
4294 2 426.737043813 574.539838846 39759542.0
4295 1 184.314289424 535.127562205 34037949.0
4295 2 426.670134737 572.701088478 38885438.0
4296 1 188.390374605 535.454684732 32251304.0
4296 2 430.492632773 574.672793587 37859232.0
4297 1 187.777449757 534.726846692 32904965.0
4297 2 429.600385718 574.254854978 38045404.0
4298 1 185.280308039 531.440490053 32495379.0
4298 2 426.274339756 572.194540617 37601688.0
4299 1 184.64764515 530.94931919 32680168.0
4299 2 427.171757775 572.423679716 36571438.0
4300 1 186.181830522 534.986138622 31270841.0
4300 2 428.487948693 575.459495299 37508162.0
4301 1 188.167088817 536.519051987 33774689.0
4301 2 428.816310941 575.767735272 38064818.0
4302 1 189.18977631 534.738478194 33782523.0
4302 2 428.419985791 574.625020271 39107570.0
4303 1 186.563174902 531.65339057 32638292.0
4303 2 430.452337706 571.929026133 39475721.0
4304 1 189.132480697 532.664511741 33422977.0
4304 2 430.216430615 573.805333648 36331636.0
4305 1 188.84772937 534.542502393 33531072.0
4305 2 431.85189954 578.284463833 39590306.0
4306 1 188.287494996 537.559605684 30395848.0
4306 2 431.332958205 576.737331926 37699392.0
4307 1 187.381359975 538.020968261 32830799.0
4307 2 429.688327838 575.924976769 36778036.0
4308 1 185.68516439 536.616419351 33565986.0
4308 2 429.059394259 575.820248479 37001723.0
4309 1 186.070353283 533.809921047 32023457.0
4309 2 428.748924061 577.265681771 36939271.0
4310 1 186.463101097 530.942937082 31850017.0
4310 2 427.989900602 574.503230875 40377250.0
4311 1 188.280655684 529.958185757 31400830.0
4311 2 430.243504314 571.732184521 42996698.0
4312 1 185.764064786 529.335214178 32486564.0
4312 2 427.820802912 569.43944711 39853030.0
4313 1 183.91674193 529.88141635 33087373.0
4313 2 425.253188876 569.055512057 40006296.0
4314 1 183.812371482 531.996593912 31116668.0
4314 2 426.004117314 570.083428205 37764612.0
4315 1 185.890360708 532.302753117 34486674.0
4315 2 426.503575786 570.271458369 41055937.0
4316 1 183.816961049 533.090804656 32485703.0
4316 2 426.216111798 572.636706835 37826631.0
4317 1 183.755108967 533.656616013 33361413.0
4317 2 426.260110722 572.829527586 36913962.0
4318 1 183.457178471 533.731252006 33087560.0
4318 2 425.001390962 573.652327152 37053353.0
4319 1 181.345726711 531.975733861 34449944.0
4319 2 423.963151057 572.889878842 35927969.0
4320 1 181.802059083 529.383807764 35492662.0
4320 2 423.761885816 568.113922489 37913439.0
4321 1 180.755485349 527.138221299 34303404.0
4321 2 423.659643942 566.057797692 38023503.0
4322 1 180.256434373 525.590819868 33452762.0
4322 2 423.31504398 566.126743472 39360302.0
4323 1 180.151889893 523.363157485 34246506.0
4323 2 423.80349288 566.026468408 39660096.0
4324 1 176.732883842 524.642079937 32330699.0
4324 2 419.850508222 565.65373406 38918614.0
4325 1 175.704921531 526.952228423 32018318.0
4325 2 418.899934033 566.428206972 37932981.0
4326 1 177.300744778 529.445497388 34521520.0
4326 2 420.089968578 569.985973624 38990293.0
4327 1 176.486207747 529.782165273 32404816.0
4327 2 419.60105242 569.318939523 38597082.0
4328 1 174.951079316 531.079354378 33656651.0
4328 2 416.860737295 567.79745534 37875582.0
4329 1 174.688058383 529.955184856 32423465.0
4329 2 417.150047791 567.774649873 35703896.0
4330 1 173.899938703 531.589210767 32352511.0
4330 2 414.326217431 569.987517261 35647718.0
4331 1 172.323870617 529.373856323 34393183.0
4331 2 413.681763077 568.657296466 35990221.0
4332 1 171.763912488 528.077512896 34504458.0
4332 2 412.123222267 569.693783526 36168390.0
4333 1 170.334382384 530.272442514 35620506.0
4333 2 412.323281103 571.07281185 38492875.0
4334 1 170.94960948 530.67527591 33361349.0
4334 2 412.367479828 573.473849496 37827830.0
4335 1 170.703316548 532.348901 34280195.0
4335 2 412.256601497 572.674278869 38675166.0
4336 1 170.505037106 531.299935628 33261647.0
4336 2 414.035847713 571.883071997 38900102.0
4337 1 169.634831246 531.052745976 33617890.0
4337 2 412.132237913 570.129732092 39195647.0
4338 1 167.885043131 530.607063419 34057636.0
4338 2 409.37744464 570.13545072 38465527.0
4339 1 167.706385442 532.786453483 30849713.0
4339 2 408.658506638 570.456047256 37595947.0
4340 1 166.952668484 533.283018029 34049589.0
4340 2 408.455499842 572.191086282 37878475.0
4341 1 167.24586488 533.169801593 33150301.0
4341 2 408.251617491 573.870731347 36465325.0
4342 1 167.428400225 531.20995543 36427115.0
4342 2 409.835851637 572.267415268 39315591.0
4343 1 167.926378401 530.346487399 31240276.0
4343 2 408.887840836 569.628996744 37664060.0
4344 1 165.600633076 529.47662922 31254220.0
4344 2 408.643164461 570.006326159 38988615.0
4345 1 166.207098067 529.95161798 33541455.0
4345 2 407.426652639 569.237966323 37423043.0
4346 1 167.819419811 527.872639649 32519378.0
4346 2 406.258443212 567.311729034 38666288.0
4347 1 167.660931348 527.56323274 32034790.0
4347 2 408.273444942 566.177278135 39026623.0
4348 1 164.210222962 526.922430876 34247036.0
4348 2 404.383313802 563.175934542 38695218.0
4349 1 165.698706896 524.929534731 33840046.0
4349 2 407.615475211 562.936955932 38360012.0
4350 1 170.260334305 525.747857676 32848526.0
4350 2 411.488877688 565.183727075 35803084.0
4351 1 170.687876133 528.004864539 33993849.0
4351 2 411.894423542 568.014384228 35280674.0
4352 1 174.514685253 529.60937401 35009168.0
4352 2 413.491970083 571.526054824 36792481.0
4353 1 173.111139476 530.64662163 35493116.0
4353 2 413.445464343 570.424868721 39957301.0
4354 1 171.285159771 529.153789088 32438913.0
4354 2 414.147017311 569.579843484 37839866.0
4355 1 172.342857379 530.427395389 36104604.0
4355 2 414.797619454 568.440097895 38914650.0
4356 1 171.472175983 531.412761373 34605301.0
4356 2 414.440250311 570.751752187 36946334.0
4357 1 173.274627846 534.289176227 34252880.0
4357 2 414.255003815 573.17909538 39229450.0
4358 1 172.874226009 537.589600903 33980417.0
4358 2 412.342755727 575.061518126 38674138.0
4359 1 174.656971 538.003368114 34156103.0
4359 2 412.77843339 577.059001017 36192648.0
4360 1 172.183561013 533.422195085 33916983.0
4360 2 411.973896579 574.922733589 36948172.0
4361 1 171.700385991 532.267475797 32127827.0
4361 2 414.485466166 575.428045578 37018502.0
4362 1 172.981286236 531.414201075 34289723.0
4362 2 414.394499081 573.349136791 37583380.0
4363 1 172.272598213 531.63574441 35590452.0
4363 2 414.830030936 572.935532054 37415568.0
4364 1 172.980901676 531.730824874 32282962.0
4364 2 414.855609995 572.6655695 37654152.0
4365 1 172.901847748 532.493555191 32176160.0
4365 2 414.452098363 571.180377607 38617584.0
4366 1 176.054307869 531.115464267 34345972.0
4366 2 414.780000515 571.0184946 37195857.0
4367 1 176.239715125 529.635731981 33039790.0
4367 2 415.517706627 570.557750267 34790238.0
4368 1 175.336427548 529.18112558 35241635.0
4368 2 414.096343664 568.920280391 37329676.0
4369 1 173.22516028 527.043285533 34148168.0
4369 2 413.056643803 566.937811344 36647252.0
4370 1 170.256502096 530.220428669 35665064.0
4370 2 411.314814854 569.054511446 39723206.0
4371 1 173.76792336 535.674414274 33348414.0
4371 2 415.310273983 572.790598996 37529360.0
4372 1 176.54394684 535.742273412 35359785.0
4372 2 417.339924504 575.893125531 40065264.0
4373 1 176.626835477 534.720859484 34050137.0
4373 2 416.5279813 574.182880043 40981304.0
4374 1 175.005764684 534.072501573 34063047.0
4374 2 413.394992242 570.985803013 38045359.0
4375 1 172.548023542 534.501195859 32788640.0
4375 2 415.262759586 573.306842344 40184472.0
4376 1 170.681851135 535.78337332 32587249.0
4376 2 415.929047997 575.650323541 37716036.0
4377 1 171.554556127 537.637423117 34089834.0
4377 2 415.679426101 577.374857617 37506736.0
4378 1 173.609091414 536.968200204 33338768.0
4378 2 414.466419442 580.292608984 37301286.0
4379 1 173.28086755 537.07032451 33719053.0
4379 2 414.262000924 581.710264 39300682.0
4380 1 172.845763445 534.112890055 34606618.0
4380 2 415.267731419 578.987810121 38121313.0
4381 1 171.861285352 533.132664256 33746096.0
4381 2 413.974821334 573.198278401 40525284.0
4382 1 171.523112371 530.83921868 33583324.0
4382 2 415.793614883 571.570674521 38512357.0
4383 1 170.072046031 531.393952176 34970100.0
4383 2 414.422627573 573.168151426 37054460.0
4384 1 167.796618893 531.968999624 33380382.0
4384 2 411.646776186 571.097624138 37899916.0
4385 1 165.113001259 532.170461717 34004609.0
4385 2 408.064644813 571.928110458 35819994.0
4386 1 168.393276826 532.953240403 33986534.0
4386 2 410.024159118 571.638065506 36577997.0
4387 1 168.52888332 533.9017139 33577179.0
4387 2 410.834912539 572.578738791 38440566.0
4388 1 167.631241585 532.694759034 35609823.0
4388 2 410.236387417 572.949451039 35618605.0
4389 1 166.436990186 531.799606536 34184030.0
4389 2 410.570085006 571.947046649 34036308.0
4390 1 166.35252386 530.881885809 34654981.0
4390 2 409.039031561 570.380798369 40039521.0
4391 1 166.371742738 527.552041918 35531715.0
4391 2 410.024385775 568.781453088 39553075.0
4392 1 165.643776389 526.379128367 33874863.0
4392 2 411.080830994 567.091347646 42885174.0
4393 1 171.485871143 531.01606643 32959032.0
4393 2 416.01632735 568.256915793 41254302.0
4394 1 171.393300772 532.594873485 33552670.0
4394 2 415.767272476 571.78063804 38216892.0
4395 1 173.446938325 533.154801613 33297379.0
4395 2 413.908522239 574.427706205 38392799.0
4396 1 172.234537365 536.11631878 33156349.0
4396 2 412.092959759 575.504546679 39569757.0
4397 1 169.023779256 534.801669183 33654068.0
4397 2 409.328279353 572.663637412 38656460.0
4398 1 170.254950646 532.234488167 33131719.0
4398 2 409.71454607 569.937954798 38031915.0
4399 1 170.076219618 530.657813803 34984466.0
4399 2 408.951604297 569.089742656 40192501.0
4400 1 169.660017477 530.749632586 35048048.0
4400 2 410.965009778 571.14108761 36344785.0
4401 1 169.10436302 531.888961941 34173358.0
4401 2 411.120647442 574.901045773 36815217.0
