data/ser/2021-06-07/03_34_00_pipp/step-1_fwhm-22.0-factor-60.0_radius-28.6.aperture_sum.ecsv
# %ECSV 0.9
# ---
# datatype:
# - {name: frame_id, datatype: int32}
# - {name: id, datatype: int32}
# - {name: xcenter, unit: pix, datatype: float64}
# - {name: ycenter, unit: pix, datatype: float64}
# - {name: aperture_sum, datatype: float64}
# meta: !!omap
# - {name: Aperture photometry results}
# - {version: 'astropy: 4.2, photutils: 1.0.1'}
# - {aperture_photometry_args: 'method=''center'', subpixels=5'}
# - {radius: 28.6}
# - __serialized_columns__:
#     xcenter:
#       __class__: astropy.units.quantity.Quantity
#       unit: &id001 !astropy.units.Unit {unit: pix}
#       value: !astropy.table.SerializedColumn {name: xcenter}
#     ycenter:
#       __class__: astropy.units.quantity.Quantity
#       unit: *id001
#       value: !astropy.table.SerializedColumn {name: ycenter}
# schema: astropy-2.0
frame_id id xcenter ycenter aperture_sum
[from data line 5991]
3003 1 152.552933236 415.127079769 15519194.0
3003 2 406.248069723 453.336676653 21090231.0
3004 1 154.703491762 415.96195444 16762922.0
3004 2 406.770769859 452.146638124 18777135.0
3005 1 152.846693505 415.196111234 15779602.0
3005 2 407.204989841 453.922002908 16935559.0
3006 1 151.72525952 415.025206435 17245312.0
3006 2 405.70050178 455.737777411 20292422.0
3007 1 149.934877822 415.17088699 16173316.0
3007 2 405.141729161 455.318692376 20360321.0
3008 1 147.207963262 414.90534101 18868792.0
3008 2 403.125898733 455.884532846 21716855.0
3009 1 147.063632556 414.588250122 17877302.0
3009 2 400.324943169 456.305346975 19919425.0
3010 1 150.132921317 415.088079356 18373293.0
3010 2 402.880990583 455.304889567 18960465.0
3011 1 150.709751498 415.491085625 17163528.0
3011 2 403.405675497 457.343647181 19476041.0
3012 1 150.957847054 415.884673963 18789038.0
3012 2 401.167870718 457.923117074 19359792.0
3013 1 149.584604328 415.343719569 18159984.0
3013 2 402.394744667 457.554412026 24740001.0
3014 1 147.504278691 414.469485742 17041613.0
3014 2 401.691188988 453.956903088 20881797.0
3015 1 149.119646834 412.968531856 16484810.0
3015 2 401.809605246 454.321046765 21684345.0
3016 1 150.065642754 410.389619819 17246361.0
3016 2 402.953624239 453.134499633 21139067.0
3017 1 149.584052002 412.420497097 15862200.0
3017 2 404.836928103 453.700572178 22521282.0
3018 1 150.234065273 411.736915545 19901959.0
3018 2 400.793449112 451.323012063 19217721.0
3019 1 148.833477056 413.165459722 17448138.0
3019 2 401.074774943 449.376266876 21500417.0
3020 1 149.229445351 411.102738433 18502679.0
3020 2 400.566985272 450.099394123 23997221.0
3021 1 149.754145824 412.662874383 17963534.0
3021 2 402.107413228 451.203347857 21717972.0
3022 1 150.867298994 410.903212053 21403988.0
3022 2 402.779662256 449.156483931 19706002.0
3023 1 149.203659477 407.542826289 16982627.0
3023 2 401.90781264 450.198959927 18936125.0
3024 1 150.854288421 407.356658428 14846710.0
3024 2 401.693808104 450.833043435 20415018.0
3025 1 148.704424205 408.903964997 16191795.0
3025 2 399.424853843 450.530680772 22424240.0
3026 1 147.218676427 406.172493585 15664951.0
3026 2 399.445376413 453.336237657 21920709.0
3027 1 143.668050899 409.987858129 15100446.0
3027 2 397.501697211 452.832841887 23766709.0
3028 1 143.969628618 408.36314509 19818066.0
3028 2 395.745500672 451.007516206 26627753.0
3029 1 145.857479513 411.046888005 18083597.0
3029 2 400.276655224 454.126400419 23217133.0
3030 1 145.187650441 413.058094282 15470479.0
3030 2 399.690492595 453.676440989 22598870.0
3031 1 144.359877386 411.397621231 18100349.0
3031 2 397.250857323 452.607260653 19919664.0
3032 1 143.477537652 411.105345327 16475627.0
3032 2 399.88224002 451.883053954 21310483.0
3033 1 143.553144018 414.349712781 15770632.0
3033 2 398.419398811 452.859223254 21662078.0
3034 1 145.500367817 413.947421502 17035490.0
3034 2 398.523265462 453.310748328 20019472.0
3035 1 142.780511689 411.215136065 15192193.0
3035 2 393.907395149 453.590537094 20487762.0
3036 1 140.221660601 411.966105064 15730874.0
3036 2 394.551709603 454.343805294 21129457.0
3037 1 139.497061131 412.607672296 17798197.0
3037 2 392.403700185 454.364886213 19691555.0
3038 1 138.33552382 412.608119291 16809575.0
3038 2 390.975140515 454.051447848 22534744.0
3039 1 140.237006746 414.351752901 17085033.0
3039 2 390.708669838 455.189687753 22489010.0
3040 1 142.174445952 413.294011722 15257958.0
3040 2 392.663874235 454.31264636 20689662.0
3041 1 143.504370562 414.710948113 14516103.0
3041 2 392.77655553 455.145591112 21648550.0
3042 1 142.063871216 416.277087847 16517689.0
3042 2 392.855894579 454.132702005 25019045.0
3043 1 141.22754832 414.874424938 14461239.0
3043 2 392.066814754 453.538626949 22333302.0
3044 1 140.192142352 414.177424486 17271943.0
3044 2 391.021158354 454.661053047 22554523.0
3045 1 141.232956058 414.585305738 17459213.0
3045 2 393.235405493 455.547002148 22828497.0
3046 1 143.372472005 414.466898816 16802907.0
3046 2 396.509127748 456.901982945 22026291.0
3047 1 142.33175206 415.04868388 16270169.0
3047 2 394.429508845 458.075682831 19393853.0
3048 1 140.204244126 414.471476189 15079234.0
3048 2 394.57111459 456.838280867 20730074.0
3049 1 132.649895284 413.7164267 17851800.0
3049 2 388.686691598 454.347071201 22553013.0
3050 1 135.435044558 414.293123641 17468937.0
3050 2 390.578893444 455.080867405 21938693.0
3051 1 136.581770286 414.869743656 16765063.0
3051 2 388.88052875 452.797336243 23669881.0
3052 1 139.305961855 412.545330237 17257855.0
3052 2 391.577554382 451.909693474 22480454.0
3053 1 142.36928594 411.78025755 17346847.0
3053 2 391.292799416 451.3503146 23474627.0
3054 1 140.094576208 413.081491911 15748644.0
3054 2 391.895347116 450.760437937 19746991.0
3055 1 138.255577359 416.0745297 18679716.0
3055 2 390.628536932 452.117181442 22322149.0
3056 1 138.180500135 416.363303265 18532248.0
3056 2 389.257805852 455.399370871 20005733.0
3057 1 139.748722623 418.661226061 17958643.0
3057 2 391.360771447 457.372695773 20990779.0
3058 1 142.278435167 418.887663959 17082513.0
3058 2 394.868810484 459.317461943 18593283.0
3059 1 145.361914678 419.674548368 18041938.0
3059 2 396.058493836 459.827037226 18803027.0
3060 1 147.361061158 419.521709898 16474681.0
3060 2 395.956718488 460.007262803 18021807.0
3061 1 146.049831979 418.856455861 17836593.0
3061 2 395.980808352 462.876199497 19560137.0
3062 1 147.040193376 422.319152577 15397327.0
3062 2 400.805857212 464.869896897 21242484.0
3063 1 148.799818489 425.287096474 16639159.0
3063 2 401.953042186 467.077256469 20760017.0
3064 1 147.340786448 424.936592362 15951666.0
3064 2 403.540492197 470.787118329 23299186.0
3065 1 151.396521517 426.640772853 17208237.0
3065 2 403.577100744 470.02433815 22377291.0
3066 1 150.389193429 428.023835792 18296229.0
3066 2 402.039645555 469.768183263 22607555.0
3067 1 145.759283861 424.901112326 18130737.0
3067 2 395.967166316 467.223569804 21166082.0
3068 1 146.820201084 423.38810177 18873626.0
3068 2 397.830415977 466.961210604 23658101.0
3069 1 148.826860459 422.194162753 18077688.0
3069 2 401.052934377 466.659199015 22696214.0
3070 1 149.392633736 424.043756209 17403955.0
3070 2 403.163111643 464.19604643 22059273.0
3071 1 151.345660778 424.87354314 18548157.0
3071 2 402.951947375 464.170744999 16543452.0
3072 1 147.667482142 422.787198029 19545609.0
3072 2 398.806191009 463.289233134 21647247.0
3073 1 146.749980759 419.573368324 15684526.0
3073 2 395.45469807 460.199089325 24970346.0
3074 1 147.758532184 422.506219861 15930784.0
3074 2 397.838739207 462.222397393 20765831.0
3075 1 147.594015214 423.190184852 18231694.0
3075 2 399.200915629 464.2436905 20367533.0
3076 1 148.871808505 425.348437155 15542156.0
3076 2 398.82104999 466.134433576 20424056.0
3077 1 150.233281613 426.972321249 17816428.0
3077 2 401.130460759 466.657311104 20668832.0
3078 1 150.758248005 424.9673764 20243473.0
3078 2 403.218119181 466.347686594 16905856.0
3079 1 151.738751372 422.279971214 19552584.0
3079 2 401.159672505 464.739629788 24096254.0
3080 1 153.488183779 422.753153824 15842806.0
3080 2 401.98320471 465.22022718 19728049.0
3081 1 154.596840443 422.361679344 16517826.0
3081 2 405.014072928 465.97832616 21803412.0
3082 1 155.693228476 422.698129989 17086067.0
3082 2 407.191297807 466.045242343 23309091.0
3083 1 155.920796989 421.766119307 15077456.0
3083 2 408.144546656 464.684319776 22053430.0
3084 1 157.255180787 420.800152083 15931822.0
3084 2 408.121729549 463.506651068 23452733.0
3085 1 152.548777637 421.125236518 16002755.0
3085 2 406.63461346 461.488688037 22710804.0
3086 1 150.883442805 418.907367082 14831471.0
3086 2 404.990828223 457.781575782 22613886.0
3087 1 150.052066413 418.305067117 18470010.0
3087 2 405.920500261 460.0950358 22218495.0
3088 1 150.508725643 419.086509893 20987569.0
3088 2 403.960793646 459.67984769 22011844.0
3089 1 149.452570254 418.876575652 18359612.0
3089 2 402.498372233 459.569294459 19215733.0
3090 1 149.027841937 420.272393274 15639798.0
3090 2 402.15096633 461.573891169 21759059.0
3091 1 151.128694589 422.548007342 16058418.0
3091 2 405.405626669 460.486998793 22816072.0
3092 1 152.407108365 420.476641015 17667403.0
3092 2 404.192434892 460.475638378 23368978.0
3093 1 151.836344828 419.56411133 22086460.0
3093 2 404.031509383 461.527880902 22653636.0
3094 1 152.977985988 419.337968869 21077561.0
3094 2 404.181439664 461.329593915 24136817.0
3095 1 152.316997438 418.801704208 20028736.0
3095 2 403.935132565 461.387050671 22192911.0
3096 1 153.362805805 421.84875169 15699941.0
3096 2 403.326910393 465.114864914 21693228.0
3097 1 153.736562476 422.396962488 17654068.0
3097 2 404.513866581 465.636524536 22080002.0
3098 1 154.278792414 416.574136655 18453141.0
3098 2 404.867538012 463.099320282 20323942.0
3099 1 153.426522714 416.152870643 16333708.0
3099 2 402.484464339 461.256444488 20446597.0
3100 1 150.518264597 414.964324359 16885626.0
3100 2 402.828194506 460.572311391 25255826.0
3101 1 153.210331384 417.619919023 16243875.0
3101 2 398.697896955 460.694264328 20184912.0
3102 1 154.303514779 419.152364777 17482615.0
3102 2 402.198793 462.374344936 22932628.0
3103 1 154.211041688 422.445970779 17187845.0
3103 2 403.463680996 464.472518646 23735164.0
3104 1 155.499754899 424.115452819 16459311.0
3104 2 404.688181254 464.372485419 20159399.0
3105 1 155.275300666 423.619651525 16591889.0
3105 2 404.088948537 464.913823885 20653649.0
3106 1 154.857152417 422.668382627 17751539.0
3106 2 404.792416739 463.715946432 18001303.0
3107 1 155.938371333 420.757829255 19084977.0
3107 2 405.721547809 463.416869191 20452017.0
3108 1 155.279801182 419.763209392 18641573.0
3108 2 405.26584037 463.730711388 18374484.0
3109 1 154.802679788 421.276629612 18634589.0
3109 2 404.956348884 464.085418169 19167494.0
3110 1 154.215127718 422.257777746 16438238.0
3110 2 404.311107441 463.130261643 18708065.0
3111 1 154.1667986 421.81577197 16961597.0
3111 2 406.063062433 462.162373146 22575659.0
3112 1 155.610071581 424.038685207 16453512.0
3112 2 405.491886068 462.419169846 20280741.0
3113 1 154.17691794 423.317079377 17829177.0
3113 2 406.606231536 465.099827467 20974687.0
3114 1 155.290577274 423.24639039 17773114.0
3114 2 405.5129822 464.804292798 21517650.0
3115 1 154.950022718 424.36412998 18114450.0
3115 2 403.491954235 464.166452377 19876090.0
3116 1 153.470910244 423.024424473 19418874.0
3116 2 402.480318217 463.759500389 21633476.0
3117 1 153.254602786 422.60673509 20098767.0
3117 2 404.13273445 463.710055443 22193871.0
3118 1 154.170536214 423.671670131 18241063.0
3118 2 405.508567816 463.671892102 23835998.0
3119 1 155.986782616 424.027056776 15596525.0
3119 2 406.03106657 463.437514453 22410824.0
3120 1 156.647934066 424.258755326 18099962.0
3120 2 406.223823949 465.750757497 21289865.0
3121 1 155.136620326 427.271182573 16178527.0
3121 2 403.647882164 464.981840688 22164506.0
3122 1 156.477144118 427.808981913 17346031.0
3122 2 404.087762354 465.363572797 19659899.0
3123 1 156.271510002 425.601233772 19709025.0
3123 2 404.860232567 465.517910276 19993562.0
3124 1 156.711524657 428.197010707 15358453.0
3124 2 406.55023968 466.680820507 19788315.0
3125 1 154.015553753 427.365405195 16922704.0
3125 2 405.24338523 467.28428591 22850910.0
3126 1 156.279016403 430.160881125 16534142.0
3126 2 409.840347556 467.869440454 20536281.0
3127 1 158.09401471 430.735887286 17486060.0
3127 2 410.005661004 470.009187585 19263611.0
3128 1 157.12701021 432.404562564 18141711.0
3128 2 407.891581501 470.869735407 19626495.0
3129 1 155.328739976 431.991426696 17532166.0
3129 2 410.048467699 472.223388012 17955482.0
3130 1 156.420969412 432.398904758 17582448.0
3130 2 409.832129707 470.728190634 24062793.0
3131 1 157.472531347 431.292329253 16048638.0
3131 2 410.496840815 469.757313676 18063287.0
3132 1 155.345949831 428.975470749 19921151.0
3132 2 408.547100256 467.989367092 23339551.0
3133 1 156.855599695 428.276659647 17798287.0
3133 2 409.040154035 467.928988146 23071056.0
3134 1 159.114266741 426.000337957 19119902.0
3134 2 408.986291815 466.682165373 20950283.0
3135 1 157.899481289 426.309169625 15477888.0
3135 2 408.253761326 468.454989776 22794497.0
3136 1 158.549510977 429.591992723 14881139.0
3136 2 405.801008443 470.045050101 19362076.0
3137 1 157.850390061 427.731786341 19527396.0
3137 2 404.860568638 471.507938458 22188522.0
3138 1 155.762421906 429.299769685 18215522.0
3138 2 404.64384574 472.439062229 20485936.0
3139 1 156.288201799 431.938474322 17666063.0
3139 2 404.290965459 473.957930891 24635169.0
3140 1 155.165487898 430.21055528 19563315.0
3140 2 400.803917614 473.2253919 23367841.0
3141 1 151.671630696 431.928017678 16648967.0
3141 2 402.979617866 473.162773254 22895242.0
3142 1 151.85973765 432.437899863 18828525.0
3142 2 403.685066163 472.930509793 20836570.0
3143 1 152.810156729 433.829934747 16066686.0
3143 2 403.067300077 472.373067234 19402449.0
3144 1 154.872483768 434.425177645 18998839.0
3144 2 407.093153175 472.48609441 21084322.0
3145 1 153.801630481 431.750008966 16681995.0
3145 2 406.024995141 470.161461149 19309014.0
3146 1 154.788662983 429.645696553 15747539.0
3146 2 405.327560473 471.275973862 23321841.0
3147 1 152.944834402 429.419289527 18155599.0
3147 2 403.549532418 472.380698679 20172229.0
3148 1 152.272155111 430.956935449 17765878.0
3148 2 404.082272351 472.411830502 25474337.0
3149 1 153.227872782 431.110591864 19177535.0
3149 2 404.690356633 472.67628936 20762649.0
3150 1 155.646821585 432.257315677 15925794.0
3150 2 406.018295694 473.730631944 23365458.0
3151 1 157.323843785 433.529557625 17306992.0
3151 2 407.371245321 472.647657075 22661619.0
3152 1 159.780033995 434.660092598 16172728.0
3152 2 409.748143114 472.258311212 22942802.0
3153 1 158.105833258 433.194231039 15452381.0
3153 2 409.434752927 473.075540735 22494055.0
3154 1 160.400880386 434.505833705 17793255.0
3154 2 411.516122692 473.601786408 22944861.0
3155 1 159.719002628 434.251092199 16865616.0
3155 2 412.831520148 471.483382697 25220952.0
3156 1 158.940704222 432.871730044 16137893.0
3156 2 413.52121651 470.805570997 21012999.0
3157 1 161.336120236 432.624937774 17838435.0
3157 2 413.902036814 472.767246765 21242015.0
3158 1 161.917609974 432.961966317 18047669.0
3158 2 412.803808545 474.118026201 19715224.0
3159 1 158.487231011 431.643419967 19330675.0
3159 2 410.83755374 473.765260726 20292422.0
3160 1 157.158669745 433.422716772 17271165.0
3160 2 408.411005017 474.287191231 22053154.0
3161 1 156.789453891 434.799478615 16427002.0
3161 2 409.866182869 476.995758493 21376307.0
3162 1 157.77281002 433.656899686 17927780.0
3162 2 409.521248574 475.875190116 23986658.0
3163 1 158.11254762 434.744326296 16878531.0
3163 2 408.156623917 475.762449402 21498812.0
3164 1 158.487829234 433.498819224 20502686.0
3164 2 409.603666213 473.069755836 22067718.0
3165 1 158.190583478 432.45587848 16428605.0
3165 2 408.026790187 472.883317289 22564526.0
3166 1 156.510204176 433.910272266 17865219.0
3166 2 406.309865808 473.246179447 20913843.0
3167 1 155.391544383 433.536183387 18575051.0
3167 2 407.758642922 473.867324079 23011130.0
3168 1 155.953001906 435.983377216 16758494.0
3168 2 406.959327065 473.961895762 21133087.0
3169 1 154.81375952 435.134409325 18702432.0
3169 2 405.589917524 474.645571096 19410924.0
3170 1 155.026345832 435.090949806 18018107.0
3170 2 406.525552382 476.154742617 21559728.0
3171 1 155.463162494 433.23496161 18485074.0
3171 2 408.333140425 474.401577315 18318555.0
3172 1 157.416042709 432.618614606 17544970.0
3172 2 408.991866844 474.848234564 21194366.0
3173 1 157.498799007 431.890691072 18974167.0
3173 2 409.706318955 472.579796782 22341109.0
3174 1 156.556380704 431.891108385 18551320.0
3174 2 408.788492457 471.934051577 21869503.0
3175 1 156.27447915 428.17790077 17364924.0
3175 2 406.578126467 470.937427216 21239281.0
3176 1 155.724163233 428.19051418 18558409.0
3176 2 405.201464217 469.582877598 21537160.0
