data/ser/2021-06-07/03_34_00_pipp/step-1_fwhm-22.0-factor-60.0.sources.ecsv
# %ECSV 0.9
# ---
# datatype:
# - {name: frame_id, datatype: int32}
# - {name: id, datatype: int32}
# - {name: xcentroid, datatype: float64}
# - {name: ycentroid, datatype: float64}
# - {name: sharpness, datatype: float64}
# - {name: roundness1, datatype: float64}
# - {name: roundness2, datatype: float64}
# - {name: npix, datatype: int32}
# - {name: sky, datatype: float64}
# - {name: peak, datatype: float64}
# - {name: flux, datatype: float64}
# - {name: mag, datatype: float64}
# schema: astropy-2.0
frame_id id xcentroid ycentroid sharpness roundness1 roundness2 npix sky peak flux mag
[from data line 8297]
4157 2 442.939079522 572.736219978 0.391116581373 -0.065512796417 0.198067930438 841 0.0 63221.4742764 8.20766604097 -2.28554919315
4158 1 197.865008482 534.652024522 0.540534091429 0.0205365872099 0.305102852844 841 0.0 61451.9678271 7.1702459179 -2.1388351273
4158 2 442.13512694 572.110031844 0.453678296045 -0.000771294018954 0.262257648855 841 0.0 63675.9209625 7.98534091484 -2.25573365506
4159 1 195.261888804 534.096264615 0.462750439489 -0.0729080214713 0.213255741449 841 0.0 61629.5504458 7.85270324961 -2.23754796489
4159 2 439.41784334 572.203590428 0.41533199571 -0.0790098442884 0.193652459305 841 0.0 62245.7022438 8.38635681039 -2.30893334046
4160 1 193.970951494 531.371099414 0.514638266165 -0.0439432103076 0.430827801955 841 0.0 58951.3774708 6.96124841404 -2.10671782988
4160 2 438.221306774 572.238825261 0.467622092749 -0.124625619918 0.310256551088 841 0.0 66751.4347458 8.47255691854 -2.32003623776
4161 1 192.777733181 529.097725411 0.564976659447 -0.224145617476 0.220872187279 841 0.0 64405.3896215 7.23644087601 -2.14881254534
4161 2 438.207566374 571.891294289 0.387179173884 -0.231148137125 0.105529898638 841 0.0 62839.6089639 8.49109269308 -2.32240895471
4162 1 192.261779581 529.786032009 0.603713698616 -0.357958951267 -0.0592895685303 841 0.0 64881.9494236 6.79500159718 -2.08047390788
4162 2 437.210966027 571.133752311 0.482149225074 -0.326830498446 0.107027032593 841 0.0 64138.9499007 7.59603655366 -2.20146761496
4163 1 192.947479626 529.326548322 0.552943508438 -0.108361939554 0.0472022468997 841 0.0 59121.968859 6.6167959909 -2.0516193617
4163 2 435.75512156 571.535421903 0.530628950997 0.0381348672564 0.162812118731 841 0.0 61157.3508687 6.95930688379 -2.10641496988
4164 1 194.066526226 530.113254462 0.586027137997 0.208631915094 -0.170839283703 841 0.0 49434.5086292 4.70710150842 -1.68188390987
4164 2 437.978830887 572.154371975 0.511966776591 0.297180377382 -0.167057675233 841 0.0 59054.0502875 6.17286948242 -1.97621773613
4165 1 194.069780169 531.766336218 0.668122585613 0.193194740416 0.0530381441399 841 0.0 51763.5864153 4.64541098798 -1.66756035714
4165 2 438.459262739 571.40409523 0.467419744061 0.148231781615 0.0635571690237 841 0.0 61654.1595563 6.91602768402 -2.09964180758
4166 1 196.313598909 533.021457099 0.4639846055 0.219846726685 0.175534615769 841 0.0 51371.2980458 6.17856076773 -1.97721830608
4166 2 438.592891839 572.458183855 0.46815634726 0.252421142807 0.158772758923 841 0.0 62086.1741375 7.31786318206 -2.16096071367
4167 1 196.403064286 534.02429758 0.467288407451 -0.231147011318 0.388989681423 841 0.0 62842.5206063 7.98052850037 -2.25507913226
4167 2 438.880403569 573.311918674 0.397604486128 -0.178767154972 0.394917016473 841 0.0 64412.2753868 8.7164730141 -2.35085197484
4168 1 196.763897358 533.856968138 0.608452808594 -0.105240679006 0.176497233035 841 0.0 60934.1644125 6.47394589922 -2.02792266454
4168 2 439.13456188 572.670165948 0.568706142857 -0.032248771158 0.13040655945 841 0.0 61245.9065611 6.63868360229 -2.05520492698
4169 1 196.559273685 533.451726217 0.555011179974 0.0772777843143 0.103813095228 841 0.0 48628.250059 5.19461251089 -1.78888289289
4169 2 439.293258535 572.315384174 0.439277755253 0.21942866283 0.0594021912905 841 0.0 60052.8383396 7.22358419814 -2.14688184823
4170 1 197.621901886 533.924112325 0.565643846584 -0.209966554757 -0.0325737788665 841 0.0 54536.9593354 5.72587132295 -1.89460395982
4170 2 441.350348087 572.9691812 0.415585471386 -0.0191439128176 -0.0472055707609 841 0.0 62066.1342188 7.74309868059 -2.22228698523
4171 1 194.683980094 532.46238933 0.560930604413 0.0393825460689 0.0634402263411 841 0.0 52786.8698083 5.63383831207 -1.87701094706
4171 2 438.070353528 571.641652289 0.488122417403 0.102929400779 0.14906314525 841 0.0 64982.095041 7.37745357987 -2.16976621382
4172 1 195.878754298 532.55151741 0.61715467071 -0.0443130566351 0.319377036405 841 0.0 64653.6750069 6.75605607741 -2.07423311424
4172 2 439.622314683 572.360629466 0.490355534324 0.0470401296219 0.250056567243 841 0.0 63365.155609 7.72150023462 -2.21925422245
4173 1 196.075426886 534.105169285 0.522142405995 -0.0400449556979 0.145615814576 841 0.0 59543.2547687 6.78585712001 -2.07901177773
4173 2 440.409844488 574.312233912 0.53366434803 -0.0132350251075 0.251311993748 841 0.0 61705.4171979 6.83477358032 -2.08681033001
4174 1 194.952548353 534.064358174 0.567986525876 0.00255082516942 0.0266469500327 841 0.0 52790.1094729 5.45330500295 -1.84164947106
4174 2 441.901517468 575.574284771 0.556740823572 -0.140342972926 -0.0856966696345 841 0.0 57326.1921792 5.8867691815 -1.92469251897
4175 1 194.820260065 534.467219058 0.607494718048 -0.0144740631709 0.176654585288 841 0.0 63411.6875375 6.40581271683 -2.01643559322
4175 2 441.243572611 573.955197286 0.48309324257 0.135122765994 0.189877899175 841 0.0 63233.7118125 7.16663632828 -2.13828841677
4176 1 195.555840859 533.798647627 0.539535414071 0.0133107323049 -0.00656110034148 841 0.0 61892.7250896 6.61357834221 -2.05109125605
4176 2 440.333311 572.571202177 0.46655987334 0.138450078206 0.0727703348194 841 0.0 63049.9606736 7.30258790166 -2.15869198326
4177 1 193.596738713 531.256125873 0.481304625616 0.0407805153992 0.293319536284 841 0.0 61990.5875875 7.66584415993 -2.21139996543
4177 2 438.066086658 571.092365788 0.447965842313 0.0776695074771 0.224336091749 841 0.0 62448.6530417 8.16807965914 -2.28029991138
4178 1 192.651757291 530.670778209 0.601725949574 0.0165853638855 0.152443720649 841 0.0 58012.3420778 6.1568546813 -1.97339725792
4178 2 435.644364272 569.929645025 0.436544816148 0.142658759997 0.301665638141 841 0.0 63958.5433299 8.35792410649 -2.30524605812
4179 1 193.950678671 530.084238124 0.388149571137 0.129606341779 -0.210825315646 841 0.0 39926.1155403 4.88417221961 -1.72197742274
4179 2 434.368261331 570.953492639 0.45688988657 0.208900321298 0.160861178496 841 0.0 62131.7881917 7.47256328884 -2.18367400495
4180 1 193.559086294 531.40055999 0.597661376681 -0.098808652568 0.0324065568638 841 0.0 55265.7991986 5.39838701766 -1.83066004124
4180 2 435.7036945 570.434419126 0.455935349262 0.15556291506 0.0240879815274 841 0.0 67953.8107229 7.79327263245 -2.22929967363
4181 1 193.306558616 529.963384778 0.667676741383 0.502571099641 -0.0663395080199 841 0.0 54514.7508333 4.88806011201 -1.72284134525
4181 2 434.732670631 567.600357803 0.429943821678 0.471298118551 0.209797078163 841 0.0 61941.9661521 7.17763685998 -2.13995370545
4182 1 193.893607903 532.871694598 0.430553917116 0.337704062034 -0.00379026704203 841 0.0 48180.8103333 5.88811841017 -1.92494133772
4182 2 435.042672624 569.982913864 0.57473087304 0.552612802866 0.0380338100216 841 0.0 59761.4114708 5.95604546583 -1.93739501076
4183 1 193.614825434 533.04519088 0.603777586789 0.00317679826771 0.136600195591 841 0.0 62045.965675 6.71104839539 -2.06697592664
4183 2 435.17597406 573.027934649 0.388716117703 0.12769951521 0.231109412771 841 0.0 62872.184425 8.61940976727 -2.33869381897
4184 1 190.8695868 530.887018958 0.544076444534 0.118312163433 0.283142995133 841 0.0 59023.0241167 6.52104897277 -2.03579365438
4184 2 434.734810504 571.188562067 0.410533738707 -0.0305757955586 0.189194839386 841 0.0 63403.9258847 8.3956581376 -2.31013686564
4185 1 192.236736863 530.469798408 0.59087749486 -0.0311569606007 0.00888995710582 841 0.0 55391.8354639 5.74581747613 -1.89837956477
4185 2 436.674660017 571.929767811 0.480903329039 0.161164894606 -0.0335039228222 841 0.0 62319.7686521 7.17690042162 -2.13984230126
4186 1 190.989723604 530.572987217 0.513194552927 -0.0785521706092 0.248427872459 841 0.0 59408.9114354 7.00581192392 -2.11364618547
4186 2 434.514811975 570.664463545 0.464941839285 0.0375489935543 0.264442937564 841 0.0 61877.0430167 7.77076875044 -2.22615996256
4187 1 191.660454516 530.048798277 0.601225907735 0.0374036254594 -0.0794938626978 841 0.0 46934.6714201 4.46632628747 -1.6248761182
4187 2 436.249981362 570.570993346 0.429710886409 0.247734588218 0.00554625303708 841 0.0 58137.4735583 6.94851022437 -2.10472925223
4188 1 189.960291192 531.726857155 0.61329976689 -0.20976833267 0.175034364551 841 0.0 50657.6058903 5.18783919101 -1.78746626416
4188 2 435.844464992 571.465198847 0.44586197154 -0.130867835821 0.0571926571894 841 0.0 63167.2768667 7.70313843864 -2.21666925737
4189 1 190.968802987 528.586211499 0.487549188975 -0.0434740064642 0.244176937127 841 0.0 57743.4313764 6.78059830054 -2.07817004114
4189 2 435.035828269 570.476622942 0.447316428591 0.00111457616222 0.211127351576 841 0.0 61826.1141625 7.61381837513 -2.20400628166
4190 1 189.434823724 527.382880357 0.536578478856 -0.0526362414737 0.173328989419 841 0.0 57900.3536271 6.51781091906 -2.0352543937
4190 2 433.180846777 568.999002621 0.465016763623 0.11906412474 0.368885450373 841 0.0 66174.6854097 7.97362089466 -2.25413895828
4191 1 187.501445692 528.046787346 0.5442756739 0.382000628174 0.083673599718 841 0.0 45432.5900764 4.56307937463 -1.64814505844
4191 2 432.460938484 567.987986154 0.483227337565 0.410292474519 0.114280861751 841 0.0 60516.3152938 6.55370194122 -2.04121671505
4192 1 189.622343626 527.880203288 0.57880744211 -0.0238879822317 0.231764965739 841 0.0 56213.9405465 5.7365970169 -1.89663585685
4192 2 431.616413679 568.564412836 0.567131045101 0.0414766278163 -0.0363071490346 841 0.0 52929.3456208 5.26811268868 -1.80413764064
4193 1 187.865322718 526.470496624 0.318167223034 -0.30305606654 -0.122448571409 841 0.0 42099.8354958 5.71265931966 -1.89209581308
4193 2 430.798140038 566.418993291 0.411836013738 -0.0983627857642 -0.000736945429493 841 0.0 62381.1516868 7.57564366245 -2.19854884613
4194 1 188.911084126 525.693862059 0.535745580537 0.0432205206728 0.326841843634 841 0.0 48064.1886396 5.1193511175 -1.77303729309
4194 2 432.234417998 567.365235144 0.477737256823 -0.0306384428832 0.493351976628 841 0.0 59610.6310479 6.71722127047 -2.06797413633
4195 1 189.164841295 527.981376036 0.471004799701 -0.153891785337 0.214698183175 841 0.0 45586.6265292 4.9250355177 -1.73102341708
4195 2 432.839927284 570.121358541 0.447380328494 0.0218786689974 0.350515779802 841 0.0 53262.0124056 5.86863139134 -1.92134208085
4196 1 189.778017418 529.430123721 0.645840774135 -0.270891613368 0.0445793114874 841 0.0 52405.1903771 4.8647699505 -1.71765576948
4196 2 430.856142443 570.111081727 0.475431800793 -0.31398915173 -0.0317829288807 841 0.0 62768.9820958 6.86602124197 -2.09176285676
4197 1 189.280851318 528.954020316 0.496505245928 0.00695016032934 0.221936289343 841 0.0 56255.8463424 6.21573024267 -1.98373039549
4197 2 431.88471857 569.683474925 0.503217334285 0.208348991291 0.101486033128 841 0.0 59203.3265785 6.36684499276 -2.00981069164
4198 1 189.264197126 530.65594932 0.515381285047 -0.25425667734 0.234783524197 841 0.0 56379.1008444 6.42595296548 -2.01984385606
4198 2 431.738089535 569.440812582 0.423506971294 -0.169151997038 0.312395032328 841 0.0 60955.0683688 7.59235981782 -2.20094195508
4199 1 188.502205619 532.102472188 0.515451316524 -0.342216119632 0.0617912966658 841 0.0 49708.6710403 5.55846228179 -1.86238665751
4199 2 430.199546261 570.350795619 0.427675763914 -0.292649772394 0.201325707536 841 0.0 63364.6726833 7.97183566387 -2.25389584329
4200 1 188.92507051 532.512120891 0.527072974959 0.108271281012 0.371933189552 841 0.0 58820.6232063 6.3025132919 -1.99878442567
4200 2 431.380990413 572.574685116 0.549619091755 0.215147585137 0.280349500469 841 0.0 57566.1905188 5.94553645615 -1.93547761603
4201 1 191.661818526 535.414806074 0.572273730337 -0.203989273067 -0.267691536341 841 0.0 45016.3373403 4.14890202604 -1.54483294833
4201 2 434.527264986 573.562131373 0.329883654876 0.0215763585703 -0.39667124987 841 0.0 43819.5008479 5.40722991606 -1.83243709055
4202 1 191.318175862 531.546056428 0.481371230409 -0.227591292542 0.176448981655 841 0.0 54222.0668271 5.9801052912 -1.9417720766
4202 2 433.443250715 573.05176241 0.456859212979 -0.247318497511 0.0748067953534 841 0.0 60583.8578264 6.93687971584 -2.10291040996
4203 1 190.9100326 531.017191569 0.368518096828 0.121829211871 -0.0472561764217 841 0.0 40900.5743993 4.96041692814 -1.7387954523
4203 2 434.053459634 572.554901123 0.386989199072 0.282662800889 -0.325840778478 841 0.0 43101.0083951 4.74653961856 -1.69094277552
4204 1 191.146543314 529.574910827 0.602266498789 -0.0127781048996 0.173300609134 841 0.0 56431.4533896 5.67912387943 -1.88570335526
4204 2 434.451961679 570.606627475 0.405037024255 0.130565592473 0.293572846843 841 0.0 62652.8081521 8.11763590036 -2.27357392011
4205 1 188.036181716 527.639606745 0.571971827332 -0.109634672063 -0.0535665505832 841 0.0 54213.3965799 5.3569495825 -1.82229389746
4205 2 431.389256456 568.962375451 0.471140384688 0.097945910275 0.0470811257934 841 0.0 58581.1868368 6.49033077685 -2.03066707748
4206 1 188.340460589 528.741420975 0.510966012459 0.190586769379 0.185503900343 841 0.0 40541.1678229 4.3646097597 -1.59986354864
4206 2 431.692634899 567.664602379 0.463325939523 0.396473446312 0.200051248459 841 0.0 56459.4904868 6.18837931859 -1.97894231514
4207 1 187.166274679 530.067410104 0.652995402132 0.307045345094 0.356084739913 841 0.0 61953.4498667 5.98824106613 -1.94324818809
4207 2 431.66785787 567.984329332 0.526745295411 0.461661929704 0.376573853908 841 0.0 62910.7380972 6.70750232945 -2.06640208043
4208 1 184.494467367 528.755958181 0.466121953135 0.0771167756013 0.202014797066 841 0.0 46963.8600729 5.49218982273 -1.84936384761
4208 2 430.128858994 568.623929802 0.451866182314 0.0813476176197 -0.088256903959 841 0.0 62302.2613313 7.05623250288 -2.12143220591
4209 1 186.570296778 529.01150995 0.450883786357 0.00444092022516 -0.353383772248 841 0.0 32711.0967549 3.20149498421 -1.26338206438
4209 2 429.155736932 569.756261666 0.46534467363 0.169117380901 -0.0863431159236 841 0.0 49628.5856833 5.15007791628 -1.77953449899
4210 1 186.767897985 529.663554217 0.519545285865 0.161097433515 0.271441429659 841 0.0 49275.6178667 4.95931980852 -1.73855528817
4210 2 430.900817244 571.847952108 0.510953864197 0.148872033503 0.164920274873 841 0.0 60235.6888417 5.98605475105 -1.94285171192
4211 1 188.035543011 531.352711302 0.488488273957 0.140118945644 0.154690848255 841 0.0 45711.3624431 5.10117307353 -1.76917514651
4211 2 431.61111172 571.436535952 0.504730813034 0.410606310952 0.179100880148 841 0.0 60731.8199646 6.22672990801 -1.9856500702
4212 1 188.056647933 531.053949039 0.515349139294 -0.0268030088224 0.260829540858 841 0.0 45574.9833146 5.01070647277 -1.74974740628
4212 2 431.16565567 570.733548442 0.423995147989 0.024156612791 0.300623815507 841 0.0 61465.6753806 7.7484485657 -2.22303688633
4213 1 185.187630102 530.206112713 0.496052802056 0.0656853884061 0.293565567923 841 0.0 61526.21555 7.25799786367 -2.15204209008
4213 2 430.236729688 569.590087111 0.441137488769 0.0840117831889 0.283290537728 841 0.0 63216.1822181 7.87211708784 -2.24022886264
4214 1 187.225281433 528.265284751 0.491595008752 -0.273455561304 -0.0106214988459 841 0.0 54479.8823125 6.0926374698 -1.96201334267
4214 2 429.185609496 568.803013789 0.505427548175 -0.239029686193 -0.0263496424501 841 0.0 63802.3253917 7.07732701392 -2.12467315754
4215 1 187.112915242 528.106798325 0.565676924369 -0.240837935458 0.184048829901 841 0.0 58559.4383729 6.14489259499 -1.97128574092
4215 2 430.543765852 568.270591153 0.522084060312 -0.2406034045 0.117321074344 841 0.0 60726.7180521 6.46476066161 -2.02638112766
4216 1 185.957612027 526.793671663 0.646638742656 -0.152503033741 0.133864828827 841 0.0 54134.2215292 5.08386190752 -1.76548436335
4216 2 428.971345757 567.222279307 0.455026069857 -0.065093379983 0.187025117509 841 0.0 63062.1038451 7.38915110655 -2.1714863697
4217 1 184.041809594 524.913834949 0.704599001461 0.11667394059 0.270410919392 841 0.0 61481.8469104 5.59907239072 -1.87029020637
