data/ser/2021-06-07/03_34_00_pipp/step-1_fwhm-22.0-factor-60.0_radius-66.0.aperture_sum.ecsv
# %ECSV 0.9
# ---
# datatype:
# - {name: frame_id, datatype: int32}
# - {name: id, datatype: int32}
# - {name: xcenter, unit: pix, datatype: float64}
# - {name: ycenter, unit: pix, datatype: float64}
# - {name: aperture_sum, datatype: float64}
# meta: !!omap
# - {name: Aperture photometry results}
# - {version: 'astropy: 4.2, photutils: 1.0.1'}
# - {aperture_photometry_args: 'method=''center'', subpixels=5'}
# - {radius: 66.0}
# schema: astropy-2.0
frame_id id xcenter ycenter aperture_sum
[from data line 7738]
3878 1 205.203516852 509.866129217 46295084.0
3878 2 450.213418961 548.896738535 49252952.0
3879 1 208.345204149 510.377956855 47082833.0
3879 2 453.551208412 550.252645448 49487420.0
3880 1 207.140552742 508.85859119 45014919.0
3880 2 455.436994545 550.40015453 49464909.0
3881 1 209.140472541 509.277651549 43669101.0
3881 2 453.776880949 550.430449053 49164305.0
3882 1 205.174678678 507.860399875 43324135.0
3882 2 452.92853669 549.097604838 50515106.0
3883 1 206.419149868 505.323645164 45197863.0
3883 2 453.811824221 548.103681004 52280795.0
3884 1 207.680719577 504.360331662 46016057.0
3884 2 452.526070948 546.234421668 51521890.0
3885 1 209.893703011 508.150113394 44091935.0
3885 2 450.865644495 547.153969874 49818751.0
3886 1 209.292302918 509.349241834 45004787.0
3886 2 452.89409048 550.940743256 47007292.0
3887 1 206.546982121 508.016227605 46222274.0
3887 2 453.693026207 548.870931446 48851563.0
3888 1 207.506924177 507.816115777 47400373.0
3888 2 455.029694582 550.271594477 47583670.0
3889 1 208.84379256 508.222862158 48278128.0
3889 2 455.200175372 550.094586173 50840223.0
3890 1 209.697287696 504.053256912 46309607.0
3890 2 455.159833644 547.781021743 53391402.0
3891 1 208.294749278 505.022249786 45525184.0
3891 2 453.732380009 547.740744267 51520288.0
3892 1 207.525554782 503.696229322 46784159.0
3892 2 453.347395285 544.576431207 51270298.0
3893 1 208.966463115 504.387714151 45512399.0
3893 2 454.207872761 546.010051531 48157673.0
3894 1 209.576150269 505.510089439 45627239.0
3894 2 453.147355808 547.263930102 53210937.0
3895 1 211.418740423 507.207471174 45583103.0
3895 2 456.976019276 547.698169206 51020268.0
3896 1 212.017009268 508.819303962 46429413.0
3896 2 458.205437251 550.361329174 50825662.0
3897 1 212.971785352 509.058935214 46046621.0
3897 2 458.137451002 551.473499231 53121548.0
3898 1 212.783584933 508.127266178 43681596.0
3898 2 457.18260287 551.05775413 49921659.0
3899 1 213.078506925 504.767857435 45127758.0
3899 2 456.009313055 547.480303909 51974674.0
3900 1 211.564031669 503.766705328 47758126.0
3900 2 455.962115468 546.123811445 51632414.0
3901 1 211.617353089 505.903732116 44388959.0
3901 2 456.588740891 547.626526907 48548856.0
3902 1 210.996162787 508.582188975 44852002.0
3902 2 459.635127293 550.927186334 49798671.0
3903 1 210.846386445 507.795390834 45351952.0
3903 2 458.262130634 551.627974512 50845530.0
3904 1 215.805937629 509.259220982 43590439.0
3904 2 461.915412293 553.946675841 49544582.0
3905 1 217.442285807 512.098583342 45341157.0
3905 2 460.441787426 555.774774551 52306497.0
3906 1 212.71440111 512.596407799 48027811.0
3906 2 459.379841479 555.29112891 51769279.0
3907 1 211.609547841 512.895978273 46912258.0
3907 2 457.301730774 553.07334353 51834431.0
3908 1 210.207865185 510.987816958 46504144.0
3908 2 456.715017936 551.189295951 49704645.0
3909 1 211.022365053 512.654393739 46446053.0
3909 2 458.49238352 552.727684742 49397360.0
3910 1 211.720209908 515.668951633 43761830.0
3910 2 458.372158701 555.614900664 49408942.0
3911 1 212.980140686 516.889026979 45967240.0
3911 2 459.397804227 554.998850312 49633566.0
3912 1 215.32894245 515.186312066 49022284.0
3912 2 459.505211493 555.823555063 52487903.0
3913 1 216.282856841 514.646442416 45750462.0
3913 2 459.437493592 555.66150275 51346099.0
3914 1 215.260587873 515.008039658 45026468.0
3914 2 460.602455149 555.970372921 51260707.0
3915 1 216.964960054 517.022658126 45129774.0
3915 2 460.050352156 555.450676053 50671560.0
3916 1 215.797665834 516.067060052 44182696.0
3916 2 461.06687361 555.893590283 49236151.0
3917 1 217.099993717 517.03009891 45770259.0
3917 2 461.801449153 556.599447169 51736315.0
3918 1 219.625257595 516.633553103 46059966.0
3918 2 462.158806453 557.997508523 50347506.0
3919 1 218.163789465 516.565280482 44076089.0
3919 2 461.957510578 556.74505748 49320744.0
3920 1 217.842682305 517.601022213 44922232.0
3920 2 460.744498172 555.820614843 49055972.0
3921 1 216.683584696 516.898421377 46946652.0
3921 2 461.319537663 556.768508676 48522064.0
3922 1 215.712717991 514.633907015 48820390.0
3922 2 461.446082571 555.868517684 51666345.0
3923 1 215.099463128 515.451776502 44040253.0
3923 2 462.115568298 556.249584237 48385059.0
3924 1 215.748061161 516.223850964 46966689.0
3924 2 461.727669234 554.397046399 49073569.0
3925 1 211.777164525 514.924548353 46099095.0
3925 2 457.866823788 552.701562176 48860656.0
3926 1 210.910970884 513.999542249 43610469.0
3926 2 457.515928788 554.564818456 48437742.0
3927 1 210.295745291 512.941534414 44154779.0
3927 2 456.623398345 554.058376746 50682630.0
3928 1 210.653887005 513.07999299 45510060.0
3928 2 457.316600157 555.846424908 49441108.0
3929 1 211.694909618 513.239073507 45021899.0
3929 2 456.592048243 554.829800512 54112532.0
3930 1 210.015357154 511.554691 46350188.0
3930 2 456.587970296 553.093676327 53243101.0
3931 1 206.823595852 511.186817857 44700621.0
3931 2 453.908046335 553.700893085 53292688.0
3932 1 206.543154359 510.10687414 45590832.0
3932 2 451.418772935 552.273156042 52016259.0
3933 1 207.87662875 511.476856947 45537519.0
3933 2 450.788909485 554.020895583 51417973.0
3934 1 205.457702916 513.980272754 44671510.0
3934 2 450.031951961 555.971924588 50622430.0
3935 1 203.654589658 516.733635128 43685711.0
3935 2 447.716510975 555.345733119 52442096.0
3936 1 199.80298969 516.21661403 47354403.0
3936 2 444.921372056 554.311965504 50807410.0
3937 1 201.565004452 512.429061299 47585873.0
3937 2 443.3657958 552.842500558 52632090.0
3938 1 199.222084312 509.480310986 46653166.0
3938 2 443.811616646 550.423860442 48403682.0
3939 1 200.536033282 507.76913979 45810916.0
3939 2 443.373687039 547.192938175 52557549.0
3940 1 199.197992578 505.284863146 45874341.0
3940 2 441.729513175 546.357076572 49855659.0
3941 1 196.355799769 505.228258534 47025644.0
3941 2 441.023016344 545.515263263 50479759.0
3942 1 198.233828773 505.527245022 44655641.0
3942 2 442.404116112 545.932561651 50162957.0
3943 1 198.943206525 504.952307019 45875805.0
3943 2 444.656587246 546.348921667 50378355.0
3944 1 198.490108749 504.198570999 46153964.0
3944 2 443.88888384 547.798770004 49342271.0
3945 1 198.653439851 505.618738861 45779041.0
3945 2 443.956754756 550.095040113 46847920.0
3946 1 198.582590435 504.905943003 44531154.0
3946 2 444.820826113 548.449410353 53152680.0
3947 1 198.046872332 504.475361761 46805649.0
3947 2 441.200475958 545.664959185 55082446.0
3948 1 194.972694332 505.331887924 46004419.0
3948 2 440.215856118 544.236953643 49151508.0
3949 1 195.302004384 502.195576439 46068540.0
3949 2 438.090486039 543.954072228 50820495.0
3950 1 191.688034472 502.833018572 44273222.0
3950 2 436.002898783 543.344471475 49124002.0
3951 1 191.343811931 503.630879157 46534462.0
3951 2 436.053558446 544.841227636 51652152.0
3952 1 193.56658322 505.680359891 44192716.0
3952 2 438.098420975 545.815825799 51422850.0
3953 1 195.551913654 504.176522988 46882854.0
3953 2 440.520380901 546.269512598 48951141.0
3954 1 194.675994573 504.546084262 45739406.0
3954 2 440.139943788 545.116898127 51496019.0
3955 1 193.735238226 503.847559698 46732999.0
3955 2 438.713502503 544.591163918 51051550.0
3956 1 195.846454653 504.302863917 46473058.0
3956 2 441.088919355 545.602660483 51667752.0
3957 1 196.246430614 505.392063882 47871898.0
3957 2 441.63830559 545.088868616 52365322.0
3958 1 198.104085112 507.246556417 46479061.0
3958 2 441.766962436 545.469990559 50967908.0
3959 1 198.222298629 505.355724762 45015182.0
3959 2 442.01414341 545.886163278 49787305.0
3960 1 196.111007754 504.238549319 45616130.0
3960 2 440.722050141 543.101597018 51660671.0
3961 1 197.08581883 502.924255375 46158307.0
3961 2 440.515050856 541.433614009 48896088.0
3962 1 195.599853195 503.238407445 47541244.0
3962 2 439.909099927 542.653472883 48660095.0
3963 1 193.774758282 503.344945836 45611778.0
3963 2 438.502397648 544.826410929 48965695.0
3964 1 192.013032843 504.029341118 44694249.0
3964 2 437.097716583 547.483957657 50705113.0
3965 1 191.297410606 505.405487516 45517659.0
3965 2 434.793260439 546.359410554 49951383.0
3966 1 190.586842126 505.89782822 48273049.0
3966 2 435.004251334 544.712714986 48896251.0
3967 1 193.471109267 505.436279179 45179714.0
3967 2 435.741196183 544.663789332 49952107.0
3968 1 194.141943043 504.461710322 46432565.0
3968 2 436.771704105 546.48620281 49489574.0
3969 1 192.489108774 504.164950014 47226271.0
3969 2 435.930077248 545.766939603 46113582.0
3970 1 191.783016494 504.297591179 49003469.0
3970 2 436.62684814 545.009994505 51423991.0
3971 1 191.248397597 501.57672129 46662467.0
3971 2 437.674092828 546.020320671 47954926.0
3972 1 191.767141346 501.06916779 46031127.0
3972 2 437.796404924 544.039193914 53632503.0
3973 1 194.181897815 499.771506985 46118246.0
3973 2 439.812173505 540.922213632 50898344.0
3974 1 196.985914501 499.668529401 47827452.0
3974 2 437.619253325 544.24063216 49432917.0
3975 1 198.269169803 501.010870118 49035841.0
3975 2 442.091798338 543.701714205 49653048.0
3976 1 196.317890132 503.842188558 46662490.0
3976 2 439.983007035 543.959206798 53336623.0
3977 1 194.899891414 504.725419467 44588560.0
3977 2 437.750837287 545.170736691 50385383.0
3978 1 198.055419679 504.732690711 44870209.0
3978 2 440.020142531 544.34366436 50115533.0
3979 1 195.580314374 504.581616655 47923593.0
3979 2 440.498793549 545.020598335 49029760.0
3980 1 197.77346154 502.637356716 44703067.0
3980 2 439.70439275 545.443642372 49740511.0
3981 1 196.665407802 502.450506464 45357133.0
3981 2 438.844573008 544.02688885 52924292.0
3982 1 195.119570265 504.197609297 46386477.0
3982 2 438.969345942 544.551152394 53007921.0
3983 1 196.84296295 507.480028365 47264146.0
3983 2 441.236864005 548.000207014 52358468.0
3984 1 197.534360849 509.06356057 45578065.0
3984 2 442.823062075 550.841397667 51560065.0
3985 1 196.720664302 508.842451069 46074032.0
3985 2 443.57731548 550.386787491 50787289.0
3986 1 199.321622544 506.867295065 46039732.0
3986 2 441.724795792 550.651990278 48717632.0
3987 1 196.004236634 507.032771656 45478304.0
3987 2 440.707745999 548.729433345 50323321.0
3988 1 194.544999187 506.838852 47965852.0
3988 2 442.022993899 549.240623557 53766593.0
3989 1 194.721563723 508.441499912 44908653.0
3989 2 441.891345515 548.763826867 50346635.0
3990 1 196.927156594 509.071072641 45970292.0
3990 2 440.83455031 549.261393315 52546616.0
3991 1 203.913307813 507.034331018 47450021.0
3991 2 447.566964147 546.484209251 50562126.0
3992 1 198.28781005 507.323842463 48121312.0
3992 2 445.109671843 547.257226232 51538020.0
3993 1 196.628131139 509.146573241 46326791.0
3993 2 441.601340857 547.734870052 50559915.0
3994 1 200.562335163 510.440143434 46449080.0
3994 2 443.012093322 549.123051693 52813714.0
3995 1 199.968204353 511.419109537 49679305.0
3995 2 442.843980596 548.901597107 48758950.0
3996 1 197.673245092 509.238501667 46527349.0
3996 2 443.142231629 550.613421475 48511556.0
3997 1 197.386582053 511.046319493 49184305.0
3997 2 441.56333041 554.483640253 49654345.0
3998 1 195.8466015 511.050992675 44153272.0
3998 2 441.779204588 553.301181424 52710284.0
3999 1 196.083367784 511.838298718 46571512.0
3999 2 440.710515803 552.012582906 53948875.0
4000 1 194.430216377 514.127699527 46810085.0
4000 2 440.093626541 551.535713566 52113484.0
4001 1 196.523842703 512.855276969 47096862.0
4001 2 441.865742505 551.047946676 51988907.0
4002 1 198.079484775 512.101109207 46175657.0
4002 2 440.02801843 550.298856323 53061199.0
4003 1 197.119585879 512.456667833 47145577.0
4003 2 440.804142843 549.351421655 50230174.0
4004 1 197.047637819 511.410666003 46658804.0
4004 2 442.108859348 550.880611953 49114845.0
4005 1 196.501560506 512.439729883 46145883.0
4005 2 439.966793565 550.960355179 50340693.0
4006 1 194.028027046 511.736925751 45254404.0
4006 2 439.363843467 551.871925638 51564006.0
4007 1 193.173345907 512.883507242 48246148.0
4007 2 440.285688478 556.824423813 50688273.0
4008 1 195.265966286 510.067659568 50401123.0
4008 2 440.903378499 554.646999058 49639251.0
4009 1 195.560739675 509.88345053 46689589.0
4009 2 440.882523085 553.425204226 51833533.0
4010 1 198.897757008 511.899815584 48371209.0
4010 2 443.876532759 551.867056738 50801707.0
4011 1 195.747254816 509.425206959 45899389.0
4011 2 442.137835523 549.684917223 49578873.0
4012 1 193.780005515 510.354054935 47385202.0
4012 2 440.438346863 549.781616544 50251289.0
4013 1 195.596501784 510.544857028 48123742.0
4013 2 442.303214642 550.57999284 51806651.0
4014 1 196.065258198 510.994122424 45646837.0
4014 2 443.359016627 550.735131253 52421903.0
4015 1 197.207336495 511.123694141 47668467.0
4015 2 442.988794887 553.591853854 46994329.0
4016 1 196.784925209 513.201692211 46299717.0
4016 2 444.000419234 554.493989911 50199257.0
4017 1 197.286015774 512.962596909 47740736.0
4017 2 443.888070429 554.837277931 53537049.0
4018 1 195.767453435 510.703205296 46850466.0
4018 2 441.924219584 552.611750701 50541205.0
4019 1 196.890579974 511.666620275 47952952.0
4019 2 441.48658342 555.839468461 49552396.0
4020 1 198.203208989 514.69671579 45672430.0
4020 2 440.793030506 558.146804125 52247716.0
4021 1 195.594568621 515.66956572 45084311.0
4021 2 437.000725984 555.776666553 50992378.0
4022 1 194.257001267 517.163558862 43211537.0
4022 2 437.209085634 557.091603374 54352020.0
4023 1 194.110296678 519.251822401 45662251.0
4023 2 437.583783312 558.83520662 51923044.0
4024 1 193.406636865 516.67284787 47904247.0
4024 2 437.128874463 556.154859572 50218204.0
4025 1 191.702823462 513.879478037 45257848.0
4025 2 437.753636832 555.487753037 52385574.0
4026 1 189.314921568 512.042484647 46944759.0
4026 2 436.845911077 554.398150765 48517255.0
4027 1 186.482052119 512.919424774 45698806.0
4027 2 434.808881151 553.690698017 52012291.0
4028 1 190.081278047 511.474294539 48554817.0
4028 2 434.881347497 553.971394505 50543190.0
4029 1 188.037093185 511.138133242 48271975.0
4029 2 435.555117813 553.026090405 50537398.0
4030 1 188.895685948 510.358159683 47120517.0
4030 2 435.002913574 552.462179453 52094954.0
4031 1 188.232621591 511.496237204 47830475.0
4031 2 436.033189951 552.084712966 48701574.0
4032 1 188.285246496 512.533553061 45861840.0
4032 2 434.494820496 551.997705148 54048029.0
4033 1 188.891642807 512.614997714 48233938.0
4033 2 432.789506612 552.512106841 50139187.0
4034 1 186.036623751 510.960397252 46424532.0
4034 2 428.239487092 551.277762373 50181244.0
4035 1 185.691712053 510.535285235 47246060.0
4035 2 429.510296872 551.392257171 49963635.0
4036 1 184.683038296 510.220469738 44877890.0
4036 2 428.984631728 550.460440325 51886140.0
4037 1 185.419935842 512.44895873 48377595.0
4037 2 430.968378224 554.265924194 49342339.0
4038 1 184.294912368 513.020618715 47249794.0
4038 2 428.114197116 550.851235173 51148505.0
4039 1 184.436683191 510.397063655 48236415.0
4039 2 428.289552192 548.500999269 52822511.0
4040 1 184.900177913 511.427124483 46116741.0
4040 2 428.004819212 547.899451854 52969247.0
4041 1 180.405718309 511.2959098 47629030.0
4041 2 426.504525233 550.075448161 49764296.0
4042 1 179.340859529 510.344239649 45703703.0
4042 2 426.10418429 549.303087405 51009422.0
4043 1 180.147076274 510.106281805 49745168.0
4043 2 424.346275189 548.941142417 54454481.0
4044 1 179.303157751 508.774539741 46676596.0
4044 2 422.603111808 547.402289115 51886092.0
4045 1 178.620296382 508.491314079 47611017.0
4045 2 424.024905607 547.982526521 52290920.0
4046 1 178.684051013 506.905650301 45898033.0
4046 2 423.55443004 546.253722662 51080341.0
4047 1 177.524953967 506.596328609 48674406.0
4047 2 423.686540645 545.420552639 50142857.0
4048 1 174.112429173 507.760188927 45285026.0
4048 2 421.379087064 548.656003366 50858298.0
4049 1 174.27672524 509.31525873 45601076.0
4049 2 422.118359758 549.397671518 52248545.0
4050 1 175.466825634 512.464174332 47911390.0
4050 2 421.875086684 549.640947452 52329801.0
4051 1 177.714218832 513.348676707 47668406.0
4051 2 422.610726487 550.134029635 51712165.0
