data/ser/2021-06-07/03_34_00_pipp/step-1_fwhm-22.0-factor-60.0.sources.ecsv
# %ECSV 0.9
# ---
# datatype:
# - {name: frame_id, datatype: int32}
# - {name: id, datatype: int32}
# - {name: xcentroid, datatype: float64}
# - {name: ycentroid, datatype: float64}
# - {name: sharpness, datatype: float64}
# - {name: roundness1, datatype: float64}
# - {name: roundness2, datatype: float64}
# - {name: npix, datatype: int32}
# - {name: sky, datatype: float64}
# - {name: peak, datatype: float64}
# - {name: flux, datatype: float64}
# - {name: mag, datatype: float64}
# schema: astropy-2.0
frame_id id xcentroid ycentroid sharpness roundness1 roundness2 npix sky peak flux mag
[from data line 3181]
1590 1 170.394407618 310.438330605 0.546846467159 -0.218967736412 0.328131335656 841 0.0 59573.6837208 12.3985042549 -2.73342323851
1590 2 433.27795394 350.412630864 0.424159982536 -0.0762149330491 0.274973870982 841 0.0 61558.5509062 14.7463790223 -2.92171348067
1591 1 171.003770962 309.040174657 0.479129685097 -0.0479125364694 0.274243582578 841 0.0 50915.4323833 11.1229174083 -2.6155467811
1591 2 433.171188322 351.637242122 0.443601762076 -0.0649398909281 0.270462352073 841 0.0 62322.8182792 14.5608432986 -2.90796632022
1592 1 170.378994849 310.16065619 0.501054539652 -0.0897675035119 -0.193840945756 841 0.0 43263.0915458 8.23752162057 -2.28949141868
1592 2 432.553001448 350.731299359 0.418668030856 0.0569420173472 -0.302530166918 841 0.0 51713.4128049 10.7157078273 -2.57505215924
1593 1 170.917944152 307.56809083 0.549630790433 -0.0379882137683 0.0636121500674 841 0.0 46940.9327521 9.45240411046 -2.43885570093
1593 2 432.88715339 348.179048735 0.445460454176 -0.00314129943465 0.178320479142 841 0.0 62252.5970604 14.0987865338 -2.8729543376
1594 1 171.733679465 306.687117455 0.702613681126 -0.0422525385356 0.406819291769 841 0.0 60069.1437083 10.3667053502 -2.53910188722
1594 2 433.583867869 346.843016032 0.608560694929 0.190218361114 0.184111076152 841 0.0 62794.1046813 11.7183430894 -2.67216552281
1595 1 173.152707724 305.560146546 0.581761907472 -0.159463926912 0.140084727555 841 0.0 43096.7402187 8.2533407423 -2.29157443873
1595 2 436.100492621 349.650757038 0.505270535959 -0.0412375317049 0.121941681936 841 0.0 63304.3455354 13.2824534609 -2.80819575726
1596 1 172.935204868 306.17939353 0.360725002492 0.0542008393753 -0.0717353498216 841 0.0 36648.1753354 8.39056735531 -2.30947832011
1596 2 435.767886082 350.204251927 0.395627851124 0.163829151995 0.0955153513303 841 0.0 50945.3584438 11.3197930574 -2.63459621844
1597 1 172.857486072 306.713519432 0.375383746307 0.254238049514 -0.331774620031 841 0.0 28503.9369181 5.96919370569 -1.93978918091
1597 2 436.506756232 347.920342434 0.271748913234 0.0584770412327 -0.288296121679 841 0.0 37722.7636951 9.81579997892 -2.47981424998
1598 1 171.5907724 305.021219675 0.33421011883 0.186422709065 -0.418450525037 841 0.0 27822.9154729 5.63906404068 -1.87801756683
1598 2 435.213763756 347.905432112 0.492452738284 0.346921667012 -0.484513916329 841 0.0 50105.2012847 8.82322387544 -2.36406824727
1599 1 171.267065979 305.594612963 0.473096831437 -0.210479987652 -0.139430520565 841 0.0 30911.2248063 6.32322206035 -2.00234608433
1599 2 432.848602088 346.703671937 0.477894864771 0.0436043847029 0.0123547896959 841 0.0 60354.5133812 12.5789443381 -2.74911048843
1600 1 170.263262903 304.337053012 0.748875106259 0.0057078006062 0.411060229992 841 0.0 65561.4245368 11.1226843824 -2.61552403462
1600 2 431.07669908 346.343977534 0.474430634196 0.0321433394262 0.376871647154 841 0.0 61742.75835 14.2738686196 -2.8863542377
1601 1 171.760811656 306.413250084 0.635081617801 -0.13476696057 0.502773779114 841 0.0 49531.0445083 9.07127497311 -2.39417082925
1601 2 431.229574714 346.031402864 0.50694022855 -0.264930005874 0.563861878888 841 0.0 58380.4429104 12.0330511051 -2.70093940295
1602 1 171.099336139 305.594155186 0.544375779528 -0.374437153988 0.617450243116 841 0.0 36790.7108979 6.55926913655 -2.04213862754
1602 2 432.844919195 346.350947268 0.439225530588 -0.37483203234 0.34229410691 841 0.0 49645.4694979 10.5470048781 -2.5578228672
1603 1 170.956315878 301.75427061 0.599119500931 -0.198678627497 0.214310310595 841 0.0 41356.6019104 7.18919923234 -2.14170129816
1603 2 432.266626807 345.090847406 0.400908949199 -0.0241735664805 -0.0853395333759 841 0.0 55015.0149201 11.5511030041 -2.65655864146
1604 1 170.576818637 302.174181921 0.715861977819 0.155474027035 0.186443975844 841 0.0 48169.1230236 7.57141480429 -2.19794259977
1604 2 431.902150058 344.382394567 0.506776262315 0.235954231027 0.206217405013 841 0.0 64857.7913708 12.5905757143 -2.75011397258
1605 1 169.052284705 303.859779064 0.537310544645 0.248625058484 0.0631659834151 841 0.0 33247.8690229 5.98037512139 -1.94182106534
1605 2 428.612504657 344.323507883 0.614873664786 0.127366114699 0.238156151623 841 0.0 62356.1724542 10.6862196213 -2.57206023871
1606 1 168.047322567 306.653331862 0.547320372741 0.165193260918 0.133271035008 841 0.0 40730.0733 7.70164349473 -2.21645852869
1606 2 430.765676812 348.617312793 0.368654062326 0.473955803646 -0.074552353505 841 0.0 43471.1277521 10.0990528013 -2.51070160712
1607 1 170.20777814 307.125869297 0.596974946316 0.316611398142 0.289773067381 841 0.0 56267.3672021 10.6359965358 -2.56694546802
1607 2 433.421292955 349.918495569 0.483930627604 0.444569549481 0.238027356294 841 0.0 60984.6372007 12.6454963428 -2.75483970079
1608 1 172.591783196 306.063584511 0.508411562076 0.127917452228 0.169799348134 841 0.0 47968.7125687 10.1918090188 -2.52062819239
1608 2 436.129290086 347.960733702 0.470944073383 0.185727998129 0.0903495850231 841 0.0 61202.5976076 13.5965699979 -2.83357340717
1609 1 171.367319701 306.889429276 0.473017518027 0.240996724067 0.0673628024092 841 0.0 35571.4037694 7.38934519269 -2.17151488767
1609 2 436.742566119 347.567042548 0.542663894248 0.00866079390054 0.185545929068 841 0.0 63681.8894979 12.3884950853 -2.7325463822
1610 1 170.987779147 308.268388366 0.648933130835 -0.0854997977026 0.456988733895 841 0.0 34725.6508278 5.90595194412 -1.92822477213
1610 2 432.87045786 348.259652732 0.568998407882 -0.0430829423308 0.409520470573 841 0.0 59024.4347937 11.2477840635 -2.62766742528
1611 1 170.263334388 309.489545841 0.745025268993 0.103015945371 0.551361887306 841 0.0 56988.7070007 9.34254255912 -2.42616271229
1611 2 431.177466625 349.483137213 0.471996543009 0.151726769265 0.469135710244 841 0.0 62769.7010479 13.7822764317 -2.84830239082
1612 1 171.388392528 308.037571858 0.605981812676 0.073300727874 0.383915415092 841 0.0 59198.0501229 11.2826002187 -2.63102299967
1612 2 431.994957071 350.329078357 0.484911188291 0.128683321747 0.260656435012 841 0.0 63751.8870639 13.6121868132 -2.83481975177
1613 1 173.970780946 306.807518166 0.665370056755 0.146902648036 0.123597573926 841 0.0 41765.8030021 6.83380070485 -2.08665577313
1613 2 431.785329596 348.702030897 0.409087943965 0.0492206396969 0.209175862158 841 0.0 58675.5325958 13.0278051752 -2.78717813817
1614 1 172.446119669 306.378418355 0.47027422556 0.035751401235 0.0648482204709 841 0.0 33343.8115896 6.73507013881 -2.07085530703
1614 2 433.93076344 347.970496387 0.618226495637 0.0329711303294 0.305981429947 841 0.0 65907.9440757 11.3775613879 -2.64012296858
1615 1 172.414188202 307.054003107 0.598496443444 0.044888382984 0.197607553069 841 0.0 39502.2403521 7.22913900253 -2.1477164387
1615 2 432.611171528 349.509850551 0.453651370975 0.0516421811395 0.164886615964 841 0.0 62550.5943396 13.5786383997 -2.83214055793
1616 1 170.25099137 307.556188908 0.614876582848 0.0114836446122 0.193126126211 841 0.0 50520.7173701 9.57134282205 -2.45243217968
1616 2 433.279913445 348.923762917 0.474704748886 0.0167721180957 0.256018585706 841 0.0 64351.2418389 14.373958869 -2.89394099448
1617 1 170.569907568 307.164890408 0.548052656136 -0.212683217554 0.325745745191 841 0.0 52631.3454222 10.6680618886 -2.57021381625
1617 2 431.289239709 347.843987913 0.584151864257 0.147039153623 0.113059455676 841 0.0 62149.9057792 11.890250996 -2.68797755602
1618 1 167.455626703 305.977644224 0.573556243245 0.124674402338 0.275263311497 841 0.0 56733.1926222 10.8671360856 -2.59028776406
1618 2 428.949731982 348.490446788 0.552997879619 0.369972485868 0.230648995736 841 0.0 62610.7354833 12.1350181943 -2.71010107954
1619 1 168.427276128 306.22223048 0.717620740313 0.479486977049 0.329452381241 841 0.0 43535.2782076 7.03750796444 -2.11854724839
1619 2 429.689760298 350.486512952 0.491437806586 0.458965653842 0.369372739824 841 0.0 60067.4663257 12.3077677473 -2.72544823084
1620 1 169.17680123 308.849338679 0.606613880594 0.435393009273 0.0352473071446 841 0.0 39696.9501868 6.60762634425 -2.05011369004
1620 2 429.423600666 351.363195767 0.600636892856 0.481829480654 0.0604128040164 841 0.0 45752.3621542 7.31348901938 -2.16031153418
1621 1 171.857489669 309.988062183 0.34382722315 0.405781287284 -0.111836569247 841 0.0 29349.3670111 6.66924529696 -2.060191728
1621 2 431.140295987 352.981513745 0.338163907516 0.519285601949 0.129169885478 841 0.0 51845.1403583 11.6865669893 -2.66921738214
1622 1 170.457216968 312.991787957 0.447671252298 0.185785459175 0.2221136262 841 0.0 39782.5135562 8.84771177002 -2.36707741569
1622 2 431.205452358 354.461128474 0.435433088203 0.237238512418 0.264052939847 841 0.0 50740.823825 10.8047186054 -2.58403365186
1623 1 169.058169709 312.203899492 0.719048292454 0.102493878939 0.561250889929 841 0.0 49865.7481417 8.14797826233 -2.27762465423
1623 2 432.002251133 356.150452119 0.514573129064 0.151728737784 0.580334932873 841 0.0 64405.4416181 12.9556568629 -2.78114859245
1624 1 168.374235626 313.070693711 0.694280057012 -0.00938885179715 0.51175798281 841 0.0 57653.9527583 9.76510778102 -2.47419260279
1624 2 433.003853125 353.440431871 0.505904806873 -0.0282879137118 0.414040487354 841 0.0 58544.3902458 11.712174167 -2.67159380495
1625 1 168.658703407 311.92051461 0.515909044963 -0.135047514352 0.334923297047 841 0.0 53466.4852667 11.321365131 -2.63474699318
1625 2 432.909775368 354.911527242 0.439359706115 -0.135962875157 0.229148628811 841 0.0 58777.9342021 13.460717795 -2.82267054832
1626 1 170.04638656 314.423894763 0.603325734116 -0.271188558935 0.212035272883 841 0.0 38022.1333542 7.03536893682 -2.11821719225
1626 2 432.705883816 355.785753468 0.415419455777 -0.151935707292 0.439912783784 841 0.0 62276.628625 14.305210875 -2.88873566045
1627 1 171.52967995 316.418305836 0.548639155279 0.0798953128525 0.266278202596 841 0.0 37215.6354438 7.29870447646 -2.15811444871
1627 2 435.144527668 355.879364017 0.505729114025 0.0420732047428 0.501017271183 841 0.0 52726.2200229 11.0136831045 -2.60483144105
1628 1 172.705744198 317.049570447 0.413636734634 0.362443856303 0.273605828656 841 0.0 36010.9616465 7.77834528177 -2.22721804407
1628 2 433.273094472 357.632601208 0.428415515784 0.32340401752 0.337840404552 841 0.0 43534.7553583 8.92721479612 -2.37678996095
1629 1 172.038146907 316.633136836 0.479903073832 0.26434861092 -0.117585377884 841 0.0 31143.4610771 5.73716548615 -1.89674344277
1629 2 433.087438689 358.633623028 0.339812615539 0.112859793262 -0.24041424506 841 0.0 36269.0567625 7.47921303952 -2.18463975984
1630 1 171.893786295 316.665120147 0.472603596772 0.078080479252 -0.301139416193 841 0.0 31063.6596625 5.83384209576 -1.91488667481
1630 2 435.173273274 358.257921112 0.446200738125 -0.0355816290254 -0.151929758224 841 0.0 47165.8014438 9.18753877563 -2.40799796255
1631 1 169.972443531 316.911364238 0.485960403736 -0.0554911805801 0.052780004778 841 0.0 40389.5929167 7.855742918 -2.23796815642
1631 2 434.040371711 358.172461628 0.471625212105 0.0114585044566 0.0718811984614 841 0.0 49941.3712736 10.1422641924 -2.51533729787
1632 1 169.202392944 316.213280889 0.618863129059 0.0745927108814 0.183910156462 841 0.0 39311.5991958 6.84647617158 -2.08866775245
1632 2 432.199537593 357.089316727 0.544434220376 0.0322981873265 0.335118492965 841 0.0 60727.95265 11.8124330534 -2.68084840043
1633 1 168.844630051 316.692375255 0.559417367806 0.360319327421 0.0228346583224 841 0.0 28432.5446333 4.90675000668 -1.72698482934
1633 2 433.812442489 358.1589825 0.596738703829 -0.0214926485647 0.104223422159 841 0.0 59904.8553382 10.6265878586 -2.56598459309
1634 1 173.275248475 316.55605727 0.446466512359 -0.122169906118 -0.426944273402 841 0.0 33452.0988917 6.15284646917 -1.97269019588
1634 2 433.846276246 358.313406434 0.515786591555 -0.12045391994 -0.162891690633 841 0.0 51226.8993854 9.49150977646 -2.44333824852
1635 1 173.282834055 314.629885224 0.60669759876 -0.205728759784 0.124663700355 841 0.0 46014.1540535 8.09771025575 -2.27090558304
1635 2 433.491513069 356.942806269 0.442927325394 0.133428119822 -0.226350520863 841 0.0 51835.4132375 10.2120820002 -2.52278573353
1636 1 173.138166689 311.543278434 0.591299528979 -0.0154236310037 0.182118084731 841 0.0 50682.7936125 9.73391612081 -2.47071899879
1636 2 434.534450686 356.012179425 0.444779838672 0.038643062122 0.0491644814861 841 0.0 61796.1706208 13.8487765028 -2.85352851626
1637 1 171.71037056 311.029603306 0.65530665875 0.193438835717 0.287373808431 841 0.0 60829.1397896 11.0509359924 -2.60849765865
1637 2 434.875099557 354.46309074 0.402873101172 0.118855446774 0.29429711383 841 0.0 61752.0174715 15.0659154703 -2.94498881606
1638 1 171.173685406 311.242726084 0.558321543311 0.11625897502 0.20074809728 841 0.0 44951.3636132 8.62024636215 -2.33879919478
1638 2 434.556755391 351.777726507 0.479468907061 0.0630750211254 0.268171678537 841 0.0 62583.9703063 12.9422461098 -2.78002413528
1639 1 170.005274125 310.715255406 0.426541383409 -0.223271454072 0.257595771701 841 0.0 33489.8482375 6.85520955275 -2.09005183753
1639 2 434.862335195 352.960288144 0.435566051353 -0.105438542677 0.107235852735 841 0.0 40850.5893146 7.87203214026 -2.24021714646
1640 1 169.504889647 311.11828259 0.524145075548 -0.223483481981 0.13699586283 841 0.0 41495.7053028 8.08948866086 -2.26980267647
1640 2 433.617265079 353.006200951 0.491841260916 -0.174439363018 0.0146097879174 841 0.0 61935.5769979 12.1477984912 -2.71124394798
1641 1 170.788702519 311.984864912 0.654939914535 -0.165981448832 0.210107009602 841 0.0 61755.4734521 11.3253614216 -2.63513017591
1641 2 433.186388495 354.111432394 0.544175458104 -0.0407511561449 0.208713086182 841 0.0 61969.8186937 12.1000519516 -2.70696808741
1642 1 171.168682766 311.696762985 0.559357557507 0.0407834476639 0.256657789405 841 0.0 50109.5345625 9.93531604989 -2.49295421725
1642 2 432.186149191 351.249466882 0.384515711235 0.186440731233 0.31252543765 841 0.0 62410.6146396 14.9077988416 -2.93353380992
1643 1 170.052543581 310.785577899 0.537470467255 0.0606650026393 0.190879643568 841 0.0 47387.215825 9.48882951063 -2.44303160893
1643 2 432.195017755 352.404189896 0.389974813328 0.0287529739346 0.313845825818 841 0.0 62678.3626667 14.5967221589 -2.91063835382
1644 1 169.993515569 312.082428339 0.506499797052 -0.170536022933 0.0654562495386 841 0.0 38099.2684444 7.50561450936 -2.18846563788
1644 2 434.143869273 353.113559425 0.411757561589 -0.146556911522 0.274975865949 841 0.0 61412.1653271 13.4946087114 -2.82540074077
1645 1 171.340933144 313.704748633 0.563786188522 -0.154610728366 -0.0768658588483 841 0.0 42467.49665 7.74903674874 -2.2231193012
1645 2 432.539170458 353.749300188 0.495399617113 -0.0790929423743 0.0289652309001 841 0.0 61066.6979097 11.9575824443 -2.69410845975
1646 1 172.142205878 311.818204218 0.440675494648 -0.310614650869 -0.125217214543 841 0.0 33199.7695062 6.83940346447 -2.08754556008
1646 2 433.193603767 353.067385596 0.509791798745 -0.184341048168 -0.01122462046 841 0.0 57497.4863069 11.18623619 -2.62170996232
1647 1 170.856270071 312.130033635 0.462418525802 -0.462647442343 0.134740573101 841 0.0 35988.37175 7.71213681914 -2.21793681419
1647 2 434.531877083 354.016452404 0.502396740853 -0.298377189256 0.192542587441 841 0.0 60759.6960104 12.0332563554 -2.70095792243
1648 1 170.949398253 312.9786216 0.349620609067 -0.578816838761 -0.0653842573999 841 0.0 26080.2137375 6.56977304072 -2.04387591672
1648 2 431.789942641 352.215965237 0.454742963997 -0.299007178629 0.0980936570907 841 0.0 61538.2053451 13.1764944628 -2.79949970965
1649 1 168.918624841 311.787905227 0.466780750297 0.056050689771 0.196064025431 841 0.0 37817.1630083 7.62808426042 -2.20603870413
1649 2 432.502509572 352.128656899 0.488375554305 -0.0329807317025 0.103095617585 841 0.0 63042.1292604 12.5760622063 -2.74886169224
1650 1 171.645207549 312.608284529 0.598186532834 0.131511210139 0.0102718509202 841 0.0 43188.4356396 7.62349474761 -2.20538526354
