data/ser/2021-06-07/03_34_00_pipp/step-1_fwhm-22.0-factor-60.0_radius-57.2.aperture_sum.ecsv
# %ECSV 0.9
# ---
# datatype:
# - {name: frame_id, datatype: int32}
# - {name: id, datatype: int32}
# - {name: xcenter, unit: pix, datatype: float64}
# - {name: ycenter, unit: pix, datatype: float64}
# - {name: aperture_sum, datatype: float64}
# meta: !!omap
# - {name: Aperture photometry results}
# - {version: 'astropy: 4.2, photutils: 1.0.1'}
# - {aperture_photometry_args: 'method=''center'', subpixels=5'}
# - {radius: 57.2}
# schema: astropy-2.0
frame_id id xcenter ycenter aperture_sum
[from data line 6690]
3352 2 406.374541123 483.885305629 38790012.0
3353 1 160.186711518 443.674017016 32147910.0
3353 2 406.588556142 484.552866014 38687867.0
3354 1 163.35387894 444.887545351 31813207.0
3354 2 408.477065123 484.308648174 38147672.0
3355 1 162.912438166 445.408596306 31512578.0
3355 2 412.595420025 485.708222728 38167692.0
3356 1 161.3140067 447.417496555 33037251.0
3356 2 413.127718485 488.696581812 36681422.0
3357 1 160.103593651 447.576538789 32179237.0
3357 2 408.270710492 487.038058108 38981212.0
3358 1 161.435551344 446.252169877 34089350.0
3358 2 409.429210856 488.317225622 38365663.0
3359 1 161.758274921 447.312756625 34136871.0
3359 2 409.939683063 489.332005136 37284924.0
3360 1 160.369113636 447.905339692 33044769.0
3360 2 410.080626121 489.454551237 38303059.0
3361 1 161.969344289 447.596879721 34642429.0
3361 2 411.114319144 488.414410106 38435803.0
3362 1 161.988343416 449.012273955 33046971.0
3362 2 409.793449385 488.956282799 35352792.0
3363 1 160.325118814 448.691624416 34312600.0
3363 2 409.459650567 485.304050918 35052680.0
3364 1 160.785422607 444.148560734 32713231.0
3364 2 409.685781635 483.720843048 37469596.0
3365 1 162.81508677 446.210481298 31558623.0
3365 2 407.541366409 485.165051378 35473730.0
3366 1 163.431559832 447.975716018 32137662.0
3366 2 409.625045785 486.964828754 38172057.0
3367 1 162.519218497 446.589806557 32836344.0
3367 2 410.980728615 486.783103083 38568379.0
3368 1 162.240753426 446.308662259 33083640.0
3368 2 410.405600242 489.429885456 37830245.0
3369 1 160.692177713 447.2928788 33497346.0
3369 2 408.457132476 489.328759835 35390014.0
3370 1 158.408454282 448.644017488 33676646.0
3370 2 405.804983982 488.557933206 38472669.0
3371 1 157.296700759 448.317002498 33078303.0
3371 2 406.088191461 486.679756367 35358293.0
3372 1 158.239420715 446.314102386 33014507.0
3372 2 406.62780638 485.397159225 37152770.0
3373 1 157.863756835 444.440456687 35023850.0
3373 2 409.228180845 487.764190519 36643531.0
3374 1 159.605440555 447.711991675 36835289.0
3374 2 406.960129009 487.465913122 36055132.0
3375 1 159.47694364 447.919306976 36209971.0
3375 2 406.741175787 486.871741783 38877556.0
3376 1 157.90933903 445.689656988 35125892.0
3376 2 404.682167214 486.364943106 38149297.0
3377 1 157.810187801 443.232966543 32939824.0
3377 2 405.487231911 484.26093079 41004605.0
3378 1 157.381641977 443.146708951 35490832.0
3378 2 404.768866708 480.922130627 38233522.0
3379 1 156.455792783 444.362471968 32604554.0
3379 2 405.70788353 482.239690869 35813041.0
3380 1 155.169887334 439.14630159 35045635.0
3380 2 404.620964854 482.226035194 37420022.0
3381 1 153.70111038 441.683876314 33882755.0
3381 2 403.27372984 482.03853361 36445857.0
3382 1 154.947625167 440.624362665 35272993.0
3382 2 405.925612514 479.25229397 38572424.0
3383 1 155.581414719 437.798527916 32958042.0
3383 2 405.669149499 477.524406223 35661108.0
3384 1 156.386146179 438.398055079 35506611.0
3384 2 404.26755034 478.385583115 39378569.0
3385 1 159.369646754 439.746393366 36384191.0
3385 2 406.14297055 480.210884085 34384769.0
3386 1 157.265732333 440.167100771 33137284.0
3386 2 406.295732206 480.023167187 36049247.0
3387 1 157.931703628 439.373752783 35101349.0
3387 2 408.655299658 479.981797318 39178553.0
3388 1 155.716789278 437.617263068 34351583.0
3388 2 407.0116082 481.879091932 38433671.0
3389 1 153.336823754 439.116117871 33176314.0
3389 2 404.105016734 480.451991435 35852511.0
3390 1 152.948957178 438.724144599 33762189.0
3390 2 405.684051574 480.630286109 38474184.0
3391 1 156.037376381 439.179673344 34248317.0
3391 2 405.102523477 482.937425681 39045322.0
3392 1 156.689063528 441.946384678 33718080.0
3392 2 406.666545679 482.56024995 38833830.0
3393 1 157.023401042 443.901043857 33938154.0
3393 2 407.171162891 485.208186152 39146959.0
3394 1 154.484736908 442.819481953 35261342.0
3394 2 406.127849729 483.771090371 39105081.0
3395 1 155.417208036 443.87656826 33642436.0
3395 2 406.648434593 485.793872841 38287075.0
3396 1 154.053530229 445.222607201 33531713.0
3396 2 407.392370787 486.921829902 36399572.0
3397 1 153.892219034 445.650867441 31762488.0
3397 2 405.608148793 484.90096644 34188206.0
3398 1 153.532127753 444.910615895 33968812.0
3398 2 405.465691658 484.379919144 35367001.0
3399 1 153.145134512 444.088182564 33115059.0
3399 2 404.88684137 485.429742589 36391875.0
3400 1 155.524513692 444.147768343 33558664.0
3400 2 403.99567365 485.628134024 39191502.0
3401 1 154.968716142 441.613739408 34805089.0
3401 2 404.528043907 484.450726473 36831195.0
3402 1 155.132363706 442.561429378 32806051.0
3402 2 404.813499558 486.295058392 37792465.0
3403 1 155.636591775 443.282058826 33039127.0
3403 2 404.120335303 484.287024332 37572753.0
3404 1 157.702176529 443.817315153 35673467.0
3404 2 408.845873411 484.721553506 35349984.0
3405 1 159.14554767 444.707334592 35083346.0
3405 2 410.161917799 485.387150448 36695361.0
3406 1 159.273941797 446.945987251 34117960.0
3406 2 408.258738496 487.168504678 36904453.0
3407 1 161.823652303 448.875306017 34738796.0
3407 2 406.4277948 488.084544228 35608389.0
3408 1 160.838606403 447.566744565 35046066.0
3408 2 407.652366306 488.376441011 36725374.0
3409 1 160.492603868 446.659564545 31268055.0
3409 2 409.467507683 487.900464322 37235728.0
3410 1 161.510791955 447.787357683 33369044.0
3410 2 410.095321538 488.667067749 36603191.0
3411 1 159.292970728 446.085911576 32493942.0
3411 2 410.185537832 490.644076594 36044351.0
3412 1 159.361023098 445.637353563 33870051.0
3412 2 409.932292605 486.492321978 38938923.0
3413 1 158.510723494 442.815047079 32363196.0
3413 2 410.004704809 485.816842256 37702320.0
3414 1 161.906788048 444.559851341 33492387.0
3414 2 410.754732169 484.98847789 37633065.0
3415 1 165.09422451 445.223616482 32360973.0
3415 2 413.222138384 484.877362541 37044923.0
3416 1 166.259819585 445.171033019 34290376.0
3416 2 413.222392179 487.960164923 38842099.0
3417 1 166.912045859 444.505822116 34133419.0
3417 2 413.590388721 489.159547093 38571596.0
3418 1 163.883868564 446.043637134 33426278.0
3418 2 413.084942317 490.824122967 37879012.0
3419 1 164.057333925 449.332948884 34366964.0
3419 2 414.829208951 489.928871042 38743568.0
3420 1 164.44876366 448.537204432 32087567.0
3420 2 414.266590596 490.577392826 39624801.0
3421 1 167.35161028 451.435413477 36261377.0
3421 2 416.82350443 491.699338957 37019806.0
3422 1 170.674898957 451.70976252 34604748.0
3422 2 417.461627226 493.060589598 37442287.0
3423 1 169.83825775 453.495784251 36773211.0
3423 2 418.829754225 494.843032523 40300077.0
3424 1 170.141233009 454.096284295 34241660.0
3424 2 419.870461568 494.295253734 39195797.0
3425 1 167.417692473 452.994638963 34485232.0
3425 2 419.494212598 491.988997942 37596874.0
3426 1 168.410489566 451.645383029 36204268.0
3426 2 418.351013148 493.291173481 35800897.0
3427 1 167.983124546 453.191188353 31870477.0
3427 2 417.401820926 494.422465046 37140370.0
3428 1 168.808937529 454.751321 35141918.0
3428 2 417.128002418 493.023072493 40237852.0
3429 1 170.50201191 452.710764677 33994248.0
3429 2 421.627657184 493.111360887 37589749.0
3430 1 171.281258434 452.495452989 34260150.0
3430 2 419.742046995 493.090088288 38632688.0
3431 1 167.997543556 450.238785865 35262113.0
3431 2 417.96518529 491.041984867 35742540.0
3432 1 168.36000651 450.203128239 33300231.0
3432 2 417.488374014 492.806752051 37778612.0
3433 1 168.31070217 451.938902459 33645759.0
3433 2 416.974455977 492.727148181 38097405.0
3434 1 168.311283649 452.916676884 34338002.0
3434 2 415.319557833 495.076900715 35984347.0
3435 1 167.398836326 455.930085655 33928295.0
3435 2 414.992154729 496.7535716 35931891.0
3436 1 166.713031143 454.425036211 33068540.0
3436 2 413.419348321 494.439161566 39486507.0
3437 1 168.27830113 453.377579222 32302786.0
3437 2 413.304951794 493.576506074 38642134.0
3438 1 167.883537347 454.343310647 33792088.0
3438 2 414.768290584 493.705543894 36891805.0
3439 1 167.556453449 455.856394771 33529921.0
3439 2 416.552371799 495.718178862 40409715.0
3440 1 168.131813087 457.123162747 33622700.0
3440 2 419.354526297 496.976736896 38917118.0
3441 1 169.335345712 454.870678439 33112480.0
3441 2 421.236085037 496.076078943 37861959.0
3442 1 170.650409392 454.21503728 34801747.0
3442 2 420.809576183 494.620220393 39479467.0
3443 1 171.301174026 454.22665812 32938722.0
3443 2 418.331677239 495.455714277 37843116.0
3444 1 170.822097504 455.609429436 34084982.0
3444 2 418.634555052 495.624067296 38808747.0
3445 1 171.422217351 455.492847335 33722857.0
3445 2 419.783780308 500.733084349 36553651.0
3446 1 173.147754927 458.31864778 34978079.0
3446 2 420.238047483 499.715160999 38092748.0
3447 1 171.948497803 455.926931543 34012728.0
3447 2 420.041848057 500.993440109 38126850.0
3448 1 171.284717925 456.828252231 35807549.0
3448 2 418.248279627 499.441649421 42240378.0
3449 1 169.641812004 456.223353321 33160527.0
3449 2 418.763721616 497.375148768 39006703.0
3450 1 167.67230755 456.385154871 34832007.0
3450 2 416.276574998 500.371107792 36952889.0
3451 1 169.100844957 458.668537871 34699052.0
3451 2 418.656347253 500.796032097 37451908.0
3452 1 171.236277963 458.646284064 37083629.0
3452 2 418.95782076 501.160164286 41087064.0
3453 1 170.5704986 459.129014576 33974227.0
3453 2 419.25604326 499.535188837 42509418.0
3454 1 171.575359484 457.846979297 33500391.0
3454 2 417.953272004 497.310177482 36727260.0
3455 1 170.769891171 458.154164762 33436473.0
3455 2 417.965973767 498.032990939 37566632.0
3456 1 172.385917382 459.160045565 33514183.0
3456 2 420.199185546 498.414424906 39610648.0
3457 1 173.681344119 461.132887715 34744938.0
3457 2 421.676053643 499.462840614 39755389.0
3458 1 173.596227642 461.242435055 33293344.0
3458 2 420.814635356 499.772241168 39592103.0
3459 1 172.988986942 462.093515489 33295912.0
3459 2 420.296520243 501.831412689 36063677.0
3460 1 171.085637568 460.80990793 36485178.0
3460 2 419.909572804 499.94907631 37156001.0
3461 1 172.132519879 457.693985914 35418022.0
3461 2 419.251327733 498.669373181 38079420.0
3462 1 171.358558754 457.862667665 36003239.0
3462 2 418.399770223 497.659112557 40268527.0
3463 1 170.59258171 455.911642457 34189424.0
3463 2 419.622901355 497.336181894 39854814.0
3464 1 171.150166188 454.901138749 33445065.0
3464 2 419.221973538 499.182292938 39542329.0
3465 1 172.500465225 458.078636276 33806506.0
3465 2 421.360162259 499.762499324 38710164.0
3466 1 172.394452461 460.570916062 32527792.0
3466 2 418.944050365 496.6131219 38116819.0
3467 1 172.099850564 454.635508175 34782273.0
3467 2 419.983888252 496.88799638 35414088.0
3468 1 170.177728292 454.574452698 33676368.0
3468 2 418.057787153 496.341830502 39081632.0
3469 1 171.194450784 451.868913441 35811160.0
3469 2 416.835657093 496.622767028 40174657.0
3470 1 171.861081421 453.946773695 34532701.0
3470 2 420.458276628 497.614623787 35624325.0
3471 1 173.104690192 456.395965239 34752888.0
3471 2 420.361694237 498.77686345 38589770.0
3472 1 171.686937981 458.250486909 33536680.0
3472 2 418.169200006 500.190535571 42341758.0
3473 1 172.001578915 458.707077761 35056592.0
3473 2 419.017659593 500.218630881 42115618.0
3474 1 171.45588419 458.257884365 33089576.0
3474 2 420.031641993 501.021918698 36816232.0
3475 1 170.754929343 456.937729468 35482075.0
3475 2 417.302484293 499.413806992 37752422.0
3476 1 170.09924146 456.93691344 34783302.0
3476 2 419.168714721 498.84159491 39849445.0
3477 1 171.845380735 456.9749274 33967103.0
3477 2 418.094377383 500.438773418 35919033.0
3478 1 171.983809267 456.594101529 33568021.0
3478 2 418.036861445 498.228573119 39698965.0
3479 1 172.200432719 456.355458072 33720801.0
3479 2 418.179411867 496.661393925 42084351.0
3480 1 170.432079694 456.138929189 32701594.0
3480 2 417.37218263 495.056216692 35289881.0
3481 1 171.487310225 458.327375172 33999572.0
3481 2 418.916656909 496.784926785 38040051.0
3482 1 171.359273306 459.275734033 32514614.0
3482 2 419.706044799 496.930833755 39478887.0
3483 1 171.694519486 459.450164919 35314227.0
3483 2 417.394762899 498.98320631 37295545.0
3484 1 171.83291946 459.96461407 35916735.0
3484 2 418.972499751 499.99952739 36217093.0
3485 1 172.141359613 459.709359602 36786966.0
3485 2 420.221371419 503.837808999 36750077.0
3486 1 171.143359051 460.480084088 34352330.0
3486 2 420.133551369 503.506933595 38929008.0
3487 1 170.487201441 462.077409334 31855911.0
3487 2 418.640956945 501.773793646 39100500.0
3488 1 168.459027938 458.827294759 37934205.0
3488 2 416.83788782 500.200933301 39907021.0
3489 1 167.817001663 456.622940658 35409829.0
3489 2 419.318242606 499.053074652 38369464.0
3490 1 170.476569224 457.867282131 31520539.0
3490 2 418.845373556 498.119876942 39490488.0
3491 1 172.225312341 458.500224838 35042538.0
3491 2 420.88872154 498.081180866 37669945.0
3492 1 170.916865003 458.058647133 34769471.0
3492 2 418.928404724 501.412198731 38001732.0
3493 1 167.817345614 460.795188081 32381456.0
3493 2 414.669816497 500.835988559 38274611.0
3494 1 166.904395889 457.246916431 33638856.0
3494 2 414.949787613 498.689268703 39863176.0
3495 1 166.19807424 456.537718334 37427757.0
3495 2 415.436524412 498.083947224 38169562.0
3496 1 163.946993849 455.785123964 36355553.0
3496 2 412.056677793 497.271122363 40160788.0
3497 1 164.269433562 454.160100965 35520423.0
3497 2 412.957820131 495.803674166 39074555.0
3498 1 164.821585993 453.762778722 34403101.0
3498 2 412.783736273 493.856232498 38957611.0
3499 1 163.474040574 455.659706892 33306406.0
3499 2 413.579368262 497.557994716 37269472.0
3500 1 164.365576419 457.325797159 34575470.0
3500 2 415.373548066 499.900955037 37029382.0
3501 1 166.05440049 460.31491792 32235563.0
3501 2 416.221088697 500.694680041 38722358.0
3502 1 166.454549937 460.630331872 34409645.0
3502 2 415.037002238 499.784226997 37785468.0
3503 1 165.647655884 459.570016761 35125921.0
3503 2 416.804936979 498.638885807 36162574.0
3504 1 167.937745037 457.59941767 32861125.0
3504 2 417.838578408 497.081495749 39707904.0
3505 1 170.507340125 456.468622157 32703040.0
3505 2 416.574549463 496.561774129 40765191.0
3506 1 420.381757214 498.964615236 41261146.0
3507 1 171.22998468 459.750710454 34148916.0
3508 1 169.363318262 459.911093859 35704953.0
3508 2 419.861938174 498.308499443 36479739.0
3509 1 168.261850808 457.281567122 36052331.0
3509 2 420.950168502 497.446945331 41170407.0
3510 1 168.247032661 458.487595792 34060344.0
3510 2 420.715218995 499.393712156 38948159.0
3511 1 167.106853602 460.697586344 34509748.0
3511 2 418.831878774 500.360218522 37230251.0
3512 1 170.612765649 462.591621808 34131786.0
3512 2 418.408460315 498.947884966 38531807.0
3513 1 169.647986213 462.009606318 35663157.0
3513 2 418.460702046 497.486819036 38145054.0
3514 1 171.950084426 461.033185172 35349556.0
3514 2 420.607934657 499.961009336 38881915.0
3515 1 173.187046834 462.456484702 34700971.0
3515 2 419.912097886 501.13482362 41013427.0
3516 1 172.056849636 462.931238027 33902779.0
3516 2 418.543185738 501.313477591 40511305.0
3517 1 171.683382368 461.706517851 36839809.0
3517 2 420.179189051 498.414814576 35795570.0
3518 1 171.643400102 460.299953668 34646572.0
3518 2 420.906056774 498.294085169 40563005.0
3519 1 171.844551352 459.450077455 35975308.0
3519 2 422.493767763 497.665011234 38758185.0
3520 1 171.874666555 459.440482032 35017681.0
3520 2 424.165580437 499.966907095 40208892.0
3521 1 174.054950927 458.689726235 36630387.0
3521 2 421.891142518 499.569218647 38572024.0
3522 1 172.714807672 459.107251213 34170073.0
3522 2 421.159254576 498.942692191 40440078.0
3523 1 173.356330202 459.438849561 34244841.0
3523 2 421.570803723 498.340250745 41480048.0
3524 1 174.58185522 458.342641095 34518767.0
3524 2 422.743756555 501.051454752 39595152.0
3525 1 176.079760945 459.736193863 32978741.0
3525 2 423.14466651 501.03388009 41103551.0
3526 1 176.776882723 459.973591791 35103050.0
3526 2 421.480657623 498.998744623 37248543.0
3527 1 173.752902585 459.816527161 36048854.0
