data/ser/2021-06-07/03_34_00_pipp/step-1_fwhm-22.0-factor-60.0_radius-22.0.aperture_sum.ecsv
# %ECSV 0.9
# ---
# datatype:
# - {name: frame_id, datatype: int32}
# - {name: id, datatype: int32}
# - {name: xcenter, unit: pix, datatype: float64}
# - {name: ycenter, unit: pix, datatype: float64}
# - {name: aperture_sum, datatype: float64}
# meta: !!omap
# - {name: Aperture photometry results}
# - {version: 'astropy: 4.2, photutils: 1.0.1'}
# - {aperture_photometry_args: 'method=''center'', subpixels=5'}
# - {radius: 22.0}
# - __serialized_columns__:
#     xcenter:
#       __class__: astropy.units.quantity.Quantity
#       unit: &id001 !astropy.units.Unit {unit: pix}
#       value: !astropy.table.SerializedColumn {name: xcenter}
#     ycenter:
#       __class__: astropy.units.quantity.Quantity
#       unit: *id001
#       value: !astropy.table.SerializedColumn {name: ycenter}
# schema: astropy-2.0
frame_id id xcenter ycenter aperture_sum
[from data line 3894]
1948 1 173.505790695 340.111311796 14314086.0
1948 2 432.065383163 381.444174111 18060727.0
1949 1 171.340994468 339.966726579 13415168.0
1949 2 432.034019409 380.913396607 16307259.0
1950 1 170.808746489 339.201119082 14882973.0
1950 2 430.429432156 379.831946633 16984663.0
1951 1 169.737586406 339.884932156 14037079.0
1951 2 428.701576619 381.239167521 19501585.0
1952 1 169.667542498 341.25455047 15502930.0
1952 2 427.719156605 381.382902146 18722572.0
1953 1 170.645957998 342.748661969 12715911.0
1953 2 429.453676097 383.230429939 17424614.0
1954 1 172.365447345 343.139458249 13620932.0
1954 2 431.017134073 382.703144778 16888506.0
1955 1 171.369510517 344.221077508 14278459.0
1955 2 432.269105587 383.522783162 15136533.0
1956 1 172.955543645 342.058332827 16119459.0
1956 2 433.164114417 382.013273318 18905172.0
1957 1 172.669528058 339.253295996 14386340.0
1957 2 429.557434134 381.390894186 18840105.0
1958 1 172.158584867 341.042428741 14322651.0
1958 2 428.944218203 384.09910989 15015957.0
1959 1 171.172264244 341.41016769 14759356.0
1959 2 432.20158738 385.58355955 17966375.0
1960 1 169.828422807 341.154656227 14622767.0
1960 2 432.642458246 384.171517339 19015082.0
1961 1 170.009288174 337.017163759 12806304.0
1961 2 430.813637509 382.912807436 19897985.0
1962 1 168.331262714 334.358032178 14526785.0
1962 2 428.317206799 379.929893735 18227576.0
1963 1 167.892583114 334.25005099 11807098.0
1963 2 428.803568946 378.023116313 16313887.0
1964 1 167.460794936 336.687793305 13831153.0
1964 2 427.168277283 376.457563044 16814649.0
1965 1 164.591743378 336.80077728 12358280.0
1965 2 424.166208801 372.893119283 19034772.0
1966 1 164.286363304 338.320316784 16405093.0
1966 2 425.527994195 374.959198662 16532138.0
1967 1 166.079219244 339.396369633 13151502.0
1967 2 426.053076922 377.731849612 17825107.0
1968 1 164.031034934 338.062295111 12190453.0
1968 2 424.061818374 378.938652959 16880517.0
1969 1 162.053172457 339.338502507 13715600.0
1969 2 423.526000478 380.764596395 18438499.0
1970 1 162.935904981 338.99774519 12505254.0
1970 2 423.741120788 381.276676948 17183189.0
1971 1 164.526222285 341.163333011 12108886.0
1971 2 425.231730069 379.735805045 17856577.0
1972 1 166.050433766 340.385834539 12407612.0
1972 2 424.916427181 378.959826524 17969904.0
1973 1 166.319358196 338.491850256 14130714.0
1973 2 426.617170805 378.925296101 17623029.0
1974 1 166.268266941 335.509806199 15998731.0
1974 2 425.234833104 375.792452187 16423426.0
1975 1 161.593733887 333.503627255 14742174.0
1975 2 422.534963651 376.231138413 15652575.0
1976 1 159.479046131 333.858325296 13209436.0
1976 2 419.657942386 377.212401458 15724046.0
1977 1 158.319363487 334.527596973 13827926.0
1977 2 420.437167427 378.118711256 17960311.0
1978 1 157.733027638 332.612741661 12086936.0
1978 2 419.188529447 374.145563111 16604552.0
1979 1 158.441602493 332.068040104 12585940.0
1979 2 419.609899508 372.522922461 15565985.0
1980 1 157.489244035 329.77560249 14414180.0
1980 2 419.487180016 372.062645563 15129917.0
1981 1 156.858551881 328.170358864 13141170.0
1981 2 421.541397306 371.167201036 16601508.0
1982 1 155.129465779 328.877182187 12542567.0
1982 2 421.345401776 373.318707799 18732725.0
1983 1 155.845560116 329.304613804 13038199.0
1983 2 416.563740923 370.559690199 16129568.0
1984 1 156.349401628 331.653675934 13586727.0
1984 2 420.152826957 374.586194965 19152653.0
1985 1 156.066854596 331.491983481 12715269.0
1985 2 418.721294085 371.646391013 17534218.0
1986 1 158.981354086 333.381554222 13739232.0
1986 2 420.56486471 372.607119646 18308806.0
1987 1 158.081469703 332.81562885 12568073.0
1987 2 419.735302401 373.926995073 17158094.0
1988 1 159.176293901 333.549139203 14317441.0
1988 2 423.94021547 378.407300716 19451477.0
1989 1 161.79013095 336.806454942 13106578.0
1989 2 422.688845891 379.935593177 17287368.0
1990 1 161.609066058 332.826670602 12227162.0
1990 2 421.080745411 375.614460229 16519079.0
1991 1 158.754498658 327.3384677 13716080.0
1991 2 419.36530446 370.613630003 17128582.0
1992 1 156.021764053 326.163049602 12754256.0
1992 2 417.000701425 369.833291382 17598614.0
1993 1 157.776534123 326.119552979 12376478.0
1993 2 414.696006114 367.316273787 17653341.0
1994 1 155.387704567 326.875133102 11808731.0
1994 2 416.044364209 368.223051226 18041039.0
1995 1 155.544219485 329.624374017 11542304.0
1995 2 415.858633193 372.15246245 17393263.0
1996 1 155.539787918 331.746340453 12663784.0
1996 2 415.638841416 374.358487664 16473909.0
1997 1 155.970520741 335.085197254 15762195.0
1997 2 416.627488058 377.211824032 17858974.0
1998 1 153.712665791 335.220483292 12813537.0
1998 2 414.180067121 378.158617922 18271734.0
1999 1 154.368302871 335.71250596 15404739.0
1999 2 414.673255164 380.463454729 17559773.0
2000 1 154.679837398 335.907981738 14250513.0
2000 2 414.105869872 377.773118693 20144582.0
2001 1 156.487097728 335.526149795 13330838.0
2001 2 416.3983471 376.157258541 19422840.0
2002 1 158.027101293 337.960191314 12756107.0
2002 2 415.691316197 377.816343715 19654287.0
2003 1 155.784145648 338.7178749 14435329.0
2003 2 415.269396451 380.001938237 16885970.0
2004 1 155.663166224 337.648849172 15480790.0
2004 2 415.059611499 380.1113693 19115075.0
2005 1 154.974026454 339.44361978 13197276.0
2005 2 415.912031366 380.110316624 18103882.0
2006 1 155.898388165 337.710366757 13180849.0
2006 2 414.814862587 379.272061446 16673504.0
2007 1 158.986096681 336.489124923 13739007.0
2007 2 417.313761878 380.778906711 18480763.0
2008 1 155.820653722 336.488849774 16510652.0
2008 2 414.329907504 381.068790668 18834735.0
2009 1 155.261463352 337.455547429 13992198.0
2009 2 414.720572004 380.703705886 18377312.0
2010 1 156.017934181 336.598173203 14646133.0
2010 2 413.822606241 379.704268545 14412773.0
2011 1 157.609562199 336.78184448 13933238.0
2011 2 416.067513189 377.607069475 16565095.0
2012 1 155.851577871 333.583295557 12958158.0
2012 2 413.236058581 376.31122755 17914792.0
2013 1 156.172412374 333.584178314 12470758.0
2013 2 411.405173453 375.663744009 15364835.0
2014 1 157.981167041 335.148230317 13441441.0
2014 2 415.432135889 375.935007579 18757495.0
2015 1 161.397069158 333.36228795 14768274.0
2015 2 418.908176679 376.480106617 18062698.0
2016 1 162.393214272 334.106762808 14635044.0
2016 2 419.797976614 378.920713392 15860037.0
2017 1 160.872240104 336.701891541 13575039.0
2017 2 421.51699285 378.408217113 18303237.0
2018 1 162.410739319 337.880327 12526114.0
2018 2 419.106114599 378.885920727 20482403.0
2019 1 165.446366698 339.101348443 13850656.0
2019 2 423.108233377 378.992422946 15767862.0
2020 1 164.948210288 337.462752839 11731492.0
2020 2 426.890246584 380.303422762 15090948.0
2021 1 167.25102464 336.95525776 12538045.0
2021 2 428.066894584 380.973433131 15246840.0
2022 1 166.657688118 339.783079528 11950890.0
2022 2 428.604246121 382.720449551 18090469.0
2023 1 167.473699467 339.584367344 15483905.0
2023 2 428.372495738 380.097942498 18384580.0
2024 1 167.355590498 339.455255518 14105424.0
2024 2 426.133930421 379.659120927 19114064.0
2025 1 170.053472912 338.983687664 15349233.0
2025 2 424.315130483 379.007369228 19275479.0
2026 1 169.187844846 339.312962997 14132969.0
2026 2 425.461937107 382.33599271 16325052.0
2027 1 171.909110649 341.712528546 13662921.0
2027 2 426.805186591 382.421291626 19126381.0
2028 1 171.66452304 339.803969982 13762632.0
2028 2 428.00842853 384.280603447 16317236.0
2029 1 168.398985042 341.146687401 14550754.0
2029 2 428.921346092 386.081071626 18348369.0
2030 1 169.724665964 344.65875008 12716842.0
2030 2 428.433232793 386.230713607 16744010.0
2031 1 169.923538077 345.509118686 12676212.0
2031 2 429.194303686 386.748227095 16245763.0
2032 1 168.972406989 344.420625814 14954875.0
2032 2 429.743375224 386.304156034 19629858.0
2033 1 169.077389178 344.785585546 12142240.0
2033 2 430.281358752 384.794205525 20382091.0
2034 1 172.51690717 343.560309765 15715807.0
2034 2 430.550094716 383.727984439 16305063.0
2035 1 170.914945733 343.576315254 13387780.0
2035 2 430.744365632 384.063284325 15708104.0
2036 1 169.422177839 344.015012963 12727156.0
2036 2 430.147474377 382.527698584 18594984.0
2037 1 167.74006149 342.954210247 14164567.0
2037 2 427.993952511 383.763130706 19969203.0
2038 1 167.126473716 340.895005478 14297559.0
2038 2 427.990354245 383.786529205 16922700.0
2039 1 171.01493243 342.409529236 12141738.0
2039 2 429.889374192 384.973722496 17192918.0
2040 1 171.697440982 342.040748552 13476074.0
2040 2 430.702863586 385.108584795 18297591.0
2041 1 172.520126515 341.032858959 13630733.0
2041 2 432.447940072 384.355735406 20374614.0
2042 1 172.966607447 342.265924256 15007731.0
2042 2 431.0512807 384.398257426 16346857.0
2043 1 429.297609962 383.801852957 18676798.0
2044 1 167.085862804 343.62798641 14447285.0
2044 2 427.234582911 385.522119031 19979153.0
2045 1 166.300660595 343.53786144 13387499.0
2045 2 428.531607807 387.082272263 17288531.0
2046 1 167.483510456 345.964191105 15140780.0
2046 2 427.636595554 387.92715233 19256458.0
2047 1 166.044663499 344.326738848 14298310.0
2047 2 427.175054852 386.028262211 17131087.0
2048 1 168.576257941 342.526017731 15661031.0
2048 2 426.838634642 384.595981613 16459471.0
2049 1 165.46540954 339.327991808 14329212.0
2049 2 424.318355835 383.559505023 17559366.0
2050 1 166.768422075 340.460235298 13022460.0
2050 2 425.63132096 383.872735586 16322015.0
2051 1 167.015351664 343.652494916 13446974.0
2051 2 424.0970255 387.38483493 17360493.0
2052 1 163.6494511 341.492192313 13732731.0
2052 2 420.9013166 388.634781289 18818232.0
2053 1 161.643738191 341.913715633 12365697.0
2053 2 419.359940203 388.352198682 18297840.0
2054 1 160.12152241 341.797392488 11956578.0
2054 2 417.488399086 382.662544443 18911896.0
2055 1 161.227467571 342.085717947 14819282.0
2055 2 417.327105494 381.384572569 18630524.0
2056 1 161.770564514 341.49719971 15014452.0
2056 2 419.937305993 381.003364521 18380190.0
2057 1 159.296582925 341.836965758 14294992.0
2057 2 422.215254109 382.582468306 15693769.0
2058 1 166.223849402 342.949908024 12457053.0
2058 2 427.248363008 386.315115322 17859084.0
2059 1 170.072516041 345.801258229 12894328.0
2059 2 428.149419829 387.951035849 14692878.0
2060 1 167.789166086 345.8409774 14246646.0
2060 2 428.644094446 389.04442901 18355036.0
2061 1 170.96362741 347.218696393 15258897.0
2061 2 426.978956705 387.516270428 19806087.0
2062 1 169.131113028 348.607816496 12493369.0
2062 2 428.148293411 388.446595563 15748043.0
2063 1 169.107239872 349.828838292 13252548.0
2063 2 429.088981717 390.747600676 16112176.0
2064 1 168.633338548 345.466884997 13305203.0
2064 2 429.212216088 387.942035489 17702497.0
2065 1 168.282512735 346.463498246 14774680.0
2065 2 429.903682957 386.234739203 17127852.0
2066 1 171.889960773 345.878230276 11940134.0
2066 2 429.766717772 384.609316768 17072305.0
2067 1 169.89409549 345.064380423 14106764.0
2067 2 426.873735012 382.896700431 19298765.0
2068 1 169.088237602 342.863760479 14390172.0
2068 2 427.617614796 381.100191089 15763528.0
2069 1 170.064778917 340.262121302 15382882.0
2069 2 427.801984149 382.61022211 17985789.0
2070 1 168.020791881 339.244871832 13428421.0
2070 2 424.851772019 382.184779795 18332912.0
2071 1 165.471240451 340.756828544 14016695.0
2071 2 426.562179534 383.384545357 17247268.0
2072 1 165.130966075 341.775731559 13750662.0
2072 2 425.8037175 383.897010722 17884578.0
2073 1 161.792077073 343.374561822 11848355.0
2073 2 424.694462835 388.153333851 17428048.0
2074 1 161.87710174 347.921661501 12078427.0
2074 2 420.404160297 389.609085348 19896992.0
2075 1 161.342923035 349.726865287 14314337.0
2075 2 418.857621937 390.07358719 18903956.0
2076 1 159.462395061 349.764316681 14859116.0
2076 2 422.379586753 390.105208502 17582586.0
2077 1 161.986132971 347.2299618 12903474.0
2077 2 420.158735539 390.02555124 18710446.0
2078 1 166.490181935 347.775968721 10235921.0
2078 2 424.570880202 389.306985714 18548349.0
2079 1 167.847087924 350.516835554 9718540.0
2079 2 423.785215764 390.029525372 18278173.0
2080 1 168.68234994 350.982834356 11829191.0
2080 2 425.886461508 390.569974694 19648867.0
2081 1 166.394834183 350.477009293 14743004.0
2081 2 426.86350891 388.724093154 18010053.0
2082 1 166.109448436 348.019201027 13321416.0
2082 2 428.730416056 390.298311041 17158335.0
2083 1 168.068812012 346.604231515 12219964.0
2083 2 428.743846128 389.78466095 18184059.0
2084 1 168.284507269 346.144658503 16061561.0
2084 2 429.119401474 388.461135043 17846445.0
2085 1 167.244062908 346.562453972 12911269.0
2085 2 430.04962483 388.446402332 16260342.0
2086 1 166.608843346 342.335500344 13605323.0
2086 2 426.399728291 386.582858775 18939085.0
2087 1 167.925295686 343.097595879 9729480.0
2087 2 426.223862532 385.70575096 19327148.0
2088 1 169.150041831 346.219455525 13536433.0
2088 2 426.346381727 387.132844378 17611903.0
2089 1 169.447220298 349.262100195 13305786.0
2089 2 427.468660073 391.880846591 19289951.0
2090 1 168.998560052 351.84543892 14905522.0
2090 2 429.054702619 393.03178289 16775931.0
2091 1 171.900758688 354.163817499 15276826.0
2091 2 432.922443468 398.011414459 16631398.0
2092 1 172.441280996 355.979454801 13992787.0
2092 2 433.425650029 398.941570236 16068403.0
2093 1 172.710387996 355.971037755 13953866.0
2093 2 434.417506898 397.905255728 18173355.0
2094 1 174.334376384 355.149985509 14801395.0
2094 2 433.734256004 397.848745884 18603523.0
2095 1 177.720878166 356.280099364 12827907.0
2095 2 431.983073867 395.322890799 17589423.0
2096 1 177.527349005 355.858703611 14042419.0
2096 2 435.007472662 394.323344227 19030581.0
2097 1 177.109368953 354.265770652 13381647.0
2097 2 436.126943243 396.173403121 16194025.0
2098 1 175.165013018 355.058573334 11348864.0
2098 2 433.809946484 396.738298836 13909619.0
2099 1 177.303970109 356.712563256 13400493.0
2099 2 436.471770596 397.716832393 15821454.0
2100 1 178.178723217 356.830167587 14206531.0
2100 2 433.853445306 397.320201702 17912634.0
2101 1 177.169274445 359.02117487 14943223.0
2101 2 433.375963058 398.529841696 17412532.0
2102 1 175.685337915 358.701747929 16675804.0
2102 2 435.718506517 400.543523874 16074127.0
2103 1 177.182756489 357.781216517 16299990.0
2103 2 437.492094689 400.626008316 19114605.0
2104 1 178.779729853 360.476179766 14469067.0
2104 2 437.094533348 402.982037217 20006972.0
2105 1 175.399571071 360.773558521 11148364.0
2105 2 432.612245453 401.890020568 16147408.0
2106 1 175.830789927 362.678468017 11851892.0
2106 2 434.667880555 404.047238305 16020408.0
2107 1 178.342300285 364.279320562 13691374.0
2107 2 437.144325893 405.114555204 16874923.0
2108 1 177.860568331 364.786416729 14767913.0
2108 2 438.295396664 405.000757505 15996052.0
2109 1 177.847013765 365.502709469 12576156.0
2109 2 438.461220434 404.848065249 18070797.0
2110 1 178.270911067 366.580647427 14495902.0
2110 2 437.119817959 405.816516051 19012513.0
2111 1 177.940569706 364.137633773 13571694.0
2111 2 435.130875693 406.244249453 17979231.0
2112 1 177.371625099 363.87946455 13822361.0
2112 2 434.333527887 406.289670794 18589721.0
2113 1 177.083595435 365.125216022 12023191.0
2113 2 434.183092901 405.062196338 17814248.0
2114 1 178.324858121 363.519601722 11232176.0
2114 2 434.436576679 403.982036144 17503315.0
2115 1 180.510161666 364.948358292 14412129.0
2115 2 436.776509278 406.831481085 19534766.0
2116 1 180.784486463 363.756220619 14901871.0
2116 2 438.409344965 406.530892051 18089134.0
2117 1 180.130487285 364.645032448 14068139.0
2117 2 438.580564902 405.287373918 19127571.0
2118 1 181.678414035 365.062624035 15891212.0
2118 2 437.543487485 407.612273943 18440214.0
2119 1 183.410232752 367.403059556 14295086.0
2119 2 440.701223094 408.302763597 19888924.0
2120 1 184.744207973 367.707066963 16584992.0
2120 2 443.617741154 407.943183825 18389888.0
2121 1 184.697913211 369.302846715 14851104.0
2121 2 442.113490917 408.523878206 16473956.0
2122 1 183.580403365 366.543008979 14751530.0
2122 2 443.959770184 407.430652848 16937210.0
