data/ser/2021-06-07/03_34_00_pipp/step-1_fwhm-22.0-factor-60.0_radius-48.400000000000006.aperture_sum.ecsv
# %ECSV 0.9
# ---
# datatype:
# - {name: frame_id, datatype: int32}
# - {name: id, datatype: int32}
# - {name: xcenter, unit: pix, datatype: float64}
# - {name: ycenter, unit: pix, datatype: float64}
# - {name: aperture_sum, datatype: float64}
# meta: !!omap
# - {name: Aperture photometry results}
# - {version: 'astropy: 4.2, photutils: 1.0.1'}
# - {aperture_photometry_args: 'method=''center'', subpixels=5'}
# - {radius: 48.400000000000006}
# - __serialized_columns__:
#     xcenter:
#       __class__: astropy.units.quantity.Quantity
#       unit: &id001 !astropy.units.Unit {unit: pix}
#       value: !astropy.table.SerializedColumn {name: xcenter}
#     ycenter:
#       __class__: astropy.units.quantity.Quantity
#       unit: *id001
#       value: !astropy.table.SerializedColumn {name: ycenter}
# schema: astropy-2.0
frame_id id xcenter ycenter aperture_sum
[from data line 1792]
896 2 508.898022928 345.130047446 27005150.0
897 1 245.727151586 305.844133068 19601355.0
897 2 512.015442585 346.741919648 25856178.0
898 1 246.195710881 306.39475071 17320866.0
898 2 514.033568323 348.922190609 20183813.0
899 1 245.564968314 307.553223181 17482682.0
899 2 512.638779866 349.489013372 23130397.0
900 1 244.515796425 308.342643198 19017953.0
900 2 513.036306233 350.514581902 21202756.0
901 1 244.120051134 308.75916356 20166923.0
901 2 511.499055872 351.574592149 19636750.0
902 1 243.53775447 309.091994437 18465320.0
902 2 510.683570136 351.348055948 25457776.0
903 1 245.264641902 308.40561776 18573354.0
903 2 512.31196076 350.10698919 27074809.0
904 1 248.472471848 308.384927658 16803296.0
904 2 514.602187358 349.930642667 25009159.0
905 1 247.364299379 305.743531339 18339918.0
905 2 514.645409186 349.292932043 25067276.0
906 1 246.360316731 305.298753037 18531328.0
906 2 512.046649839 347.785294346 25299712.0
907 1 243.253295626 306.855497981 20452087.0
907 2 512.755216791 348.858902809 22432773.0
908 1 244.084078367 306.009764484 18838138.0
908 2 513.206496208 347.675837693 22862882.0
909 1 243.004035471 304.694549169 17610561.0
909 2 514.641987861 346.940734845 23766586.0
910 1 242.757280337 305.003436091 18098602.0
910 2 252.274628657 310.167299034 18103418.0
910 3 513.291354323 347.283419444 22893605.0
911 1 240.940101108 304.233076745 15079527.0
911 2 254.751782506 312.418341317 15059045.0
911 3 523.021439251 350.440456877 25363770.0
912 1 248.308903952 310.52035944 19215282.0
912 2 516.933510984 347.932894097 26188209.0
913 1 252.057796661 307.993479533 19116511.0
913 2 519.316116495 347.40462516 22760058.0
914 1 249.220722246 306.483760824 20590612.0
914 2 517.097139415 347.378707118 22571141.0
915 1 249.581704715 307.968060593 19632942.0
915 2 519.364309481 347.476261197 24454012.0
916 1 247.283142169 309.271056755 18150009.0
916 2 517.454541766 350.080180699 21885690.0
917 1 245.92815246 308.622491193 20271623.0
917 2 516.245406427 350.551431849 24751396.0
918 1 244.209397597 308.578980409 16496334.0
918 2 514.111991087 350.064793076 23493890.0
919 1 244.079113191 305.931716575 19630231.0
919 2 517.179971019 347.891971604 22235944.0
920 1 245.910777566 305.569818462 19757288.0
920 2 516.509921575 348.308146024 22910931.0
921 1 246.870983903 306.811462534 18713198.0
921 2 515.109499703 346.898965123 25655437.0
922 1 246.40928977 308.890790674 19936655.0
922 2 515.48296004 350.019287204 22840945.0
923 1 246.189943453 309.23569289 21316643.0
923 2 516.699433695 350.388262145 21816108.0
924 1 248.908886302 307.589177367 19980543.0
924 2 515.4267431 350.104525257 23323732.0
925 1 251.412678961 308.08300818 18943140.0
925 2 518.247174546 350.921709468 22767240.0
926 1 247.770229836 307.090258304 17841267.0
926 2 512.308225259 349.46990355 23838572.0
927 1 245.332259483 306.598096835 18924947.0
927 2 511.686305435 348.729237192 23160399.0
928 1 245.333649338 305.562584275 19146868.0
928 2 510.863159363 347.877565681 23312862.0
929 1 245.380602757 304.644469414 18320362.0
929 2 511.100360505 347.801661715 22779801.0
930 1 247.578328858 303.662305549 19610381.0
930 2 513.229098118 346.821360793 26132489.0
931 1 239.306126786 304.488641419 16964063.0
931 2 512.129964116 346.113692394 23507060.0
932 1 245.141533 303.807243208 16565775.0
932 2 513.322105501 347.620404858 25717463.0
933 1 244.571908867 304.923262867 18211527.0
933 2 511.763981002 348.671679353 26146178.0
934 1 242.826820555 304.87884475 17250628.0
934 2 508.535693347 346.753820717 26300999.0
935 1 240.462674478 302.895572992 18190602.0
935 2 505.626814642 344.682176782 24245660.0
936 1 238.696485832 302.38692211 17477091.0
936 2 504.831691943 341.551938888 23314073.0
937 1 236.374772214 299.975356821 19999584.0
937 2 505.198415644 342.147775546 22710708.0
938 1 234.244802514 298.529104079 17331590.0
938 2 503.931478608 340.521128696 23969763.0
939 1 232.928068514 295.941914545 18359250.0
939 2 503.658239471 341.150996732 23240775.0
940 1 233.519211664 298.829032573 16910955.0
940 2 502.610259242 340.862169202 24125594.0
941 1 233.432213833 299.905953094 18304522.0
941 2 502.418252664 342.295073678 20571183.0
942 1 231.871348617 299.040175618 18507963.0
942 2 499.192582616 342.46981861 24779254.0
943 1 229.080105028 300.606663342 18813902.0
943 2 498.074121467 341.598331748 25694287.0
944 1 228.002388679 299.894143924 17705382.0
944 2 496.544421116 341.91663776 22783862.0
945 1 227.77971256 297.907206143 21231121.0
945 2 497.057400887 342.202216918 21571233.0
946 1 228.820133996 296.102453886 20032153.0
946 2 495.880667804 342.145115849 23323369.0
947 1 226.570970642 296.799778518 18155961.0
947 2 496.111765541 342.866977397 20870049.0
948 1 229.449032119 298.683868924 17453881.0
948 2 496.285298047 342.041912547 23570510.0
949 1 230.388597069 300.480704083 19635627.0
949 2 496.240615054 342.538326754 24032316.0
950 1 229.212474728 300.655566962 18869829.0
950 2 497.25359824 344.102407922 20988019.0
951 1 227.99409787 300.093017083 19432491.0
951 2 495.59184484 343.132544813 24416344.0
952 1 228.428361734 299.322339659 18584288.0
952 2 494.341357176 343.133665768 21507022.0
953 1 225.741497876 300.294366545 19814240.0
953 2 495.357688377 344.795139431 24343581.0
954 1 225.855502584 300.98066285 18492541.0
954 2 495.382301025 344.869924611 23698956.0
955 1 228.032108141 301.956946492 20173263.0
955 2 496.87401637 344.708985614 22930447.0
956 1 230.467830119 302.62368181 18078778.0
956 2 496.805237765 346.070262305 24636239.0
957 1 229.067235091 302.773590461 18427929.0
957 2 497.563034132 344.53609432 26076453.0
958 1 230.539288052 302.816687351 19826679.0
958 2 497.302046419 344.363589222 26287144.0
959 1 230.946894613 304.328598104 18402157.0
959 2 499.435945937 344.155376112 24473400.0
960 1 231.906981287 303.789908478 22054515.0
960 2 499.899578362 345.795513302 22187079.0
961 1 233.224615739 301.410134953 20450185.0
961 2 498.556361789 345.887782763 24207657.0
962 1 231.566395713 303.007126766 17587530.0
962 2 498.180197359 345.707917219 23745378.0
963 1 231.063968463 301.246751122 17606422.0
963 2 497.052320767 343.773838046 22149417.0
964 1 230.246246198 302.407033608 15639324.0
964 2 494.616158311 344.174716999 23299464.0
965 1 231.042597851 303.105957387 19024218.0
965 2 494.991899829 345.713113586 22613548.0
966 1 229.48736754 302.63559513 17747634.0
966 2 494.484380043 347.474387004 23068280.0
967 1 229.359398575 303.727948134 15992989.0
967 2 495.537326131 347.487104353 21636402.0
968 1 232.545969141 302.238217511 20332566.0
968 2 500.671712211 346.307638541 22604144.0
969 1 232.649073249 301.672245697 18306775.0
969 2 505.15106313 344.628504036 20314610.0
969 3 493.334321791 351.113809608 20269039.0
970 1 235.49484775 304.248475442 20116969.0
970 2 498.27604207 348.650940416 22868543.0
971 1 234.778704175 303.645142012 22393453.0
971 2 500.656576921 349.926155743 24939315.0
972 1 235.530386928 302.78383984 17916572.0
972 2 502.508610148 347.764225452 25151471.0
973 1 234.9890275 303.638373459 19967892.0
973 2 502.306777815 343.803958207 23422194.0
974 1 235.571485544 304.842859694 17761557.0
974 2 502.818615724 344.445271863 21974158.0
975 1 234.338305134 306.036553992 19358754.0
975 2 501.649418035 346.012348155 23985272.0
976 1 234.772613071 305.97072038 19276257.0
976 2 503.023587191 348.653393276 22880095.0
977 1 234.573712822 304.855064081 18623743.0
977 2 501.059887993 348.246313101 21062161.0
978 1 234.574065615 306.381720366 17565329.0
978 2 502.063256617 348.012699446 23941821.0
979 1 234.984412237 307.043790781 20264429.0
979 2 502.755645988 347.391387388 22595954.0
980 1 236.706541932 307.829835537 17605850.0
980 2 502.785132763 348.349182146 24126727.0
981 1 237.74203891 307.662843726 20426996.0
981 2 503.954031532 350.034313763 25988009.0
982 1 236.894704796 308.339179401 18770448.0
982 2 503.13666807 349.622751456 23291890.0
983 1 237.722682629 308.499635522 16368199.0
983 2 505.504953756 349.844268256 25019331.0
984 1 236.429909882 307.463442497 16823755.0
984 2 505.237063958 348.319069712 26006655.0
985 1 235.419894889 308.839775522 16753511.0
985 2 503.820326358 348.876025757 25247267.0
986 1 236.909292566 307.18629958 19186426.0
986 2 505.854695132 348.865688209 25768953.0
987 1 235.492766754 304.957689236 19195871.0
987 2 503.162104371 345.591309523 22577019.0
988 1 233.420788162 304.853939267 16710207.0
988 2 501.12867479 345.010142016 23360489.0
989 1 234.715625486 306.610477083 19646289.0
989 2 500.004305571 345.583434744 25507527.0
990 1 235.890662053 307.786954275 19721263.0
990 2 503.110737008 346.804778577 20964301.0
991 1 238.116161708 307.31124723 19254918.0
991 2 504.886645319 348.173281107 24494642.0
992 1 238.359994563 307.307418167 22136122.0
992 2 504.638931197 349.033530964 25574453.0
993 1 237.972567394 305.756114401 19117978.0
993 2 503.817972722 348.913880325 25645470.0
994 1 237.172994048 304.128282523 18494274.0
994 2 503.006959148 345.660781438 23329431.0
995 1 240.560328127 306.071617189 17347972.0
995 2 504.840792946 347.473068632 23496891.0
996 1 239.6816714 304.304518676 20674426.0
996 2 504.332834208 348.059850136 20954033.0
997 1 235.784000632 304.786544318 18267601.0
997 2 501.836516723 347.665118534 22338424.0
998 1 234.494997572 303.91895531 17193937.0
998 2 504.210977419 346.418608008 25188841.0
999 1 235.330724225 302.945807669 18615862.0
999 2 502.927912465 346.581145954 25489006.0
1000 1 237.042552085 303.653210978 19394717.0
1000 2 504.80724497 345.772285507 27735712.0
1001 1 238.157613625 302.747640337 19793585.0
1001 2 503.461724177 345.49134998 24982162.0
1002 1 237.160447564 302.108614066 18466110.0
1002 2 501.111493195 348.392706905 22262334.0
1003 1 236.716327579 304.803985844 18863035.0
1003 2 500.682442147 348.924586108 26760763.0
1004 1 235.39440029 304.351378362 16847011.0
1004 2 500.793174575 347.917226729 23796669.0
1005 1 233.957681353 304.822203484 17140422.0
1005 2 502.647153757 347.16390946 26844742.0
1006 1 232.729362067 304.409082502 19623346.0
1006 2 500.250803815 345.125521056 21950463.0
1007 1 232.504261626 303.427496699 19647981.0
1007 2 499.808841353 344.451072174 24265348.0
1008 1 233.738236169 302.810702569 18979730.0
1008 2 499.136304355 344.214689437 22568627.0
1009 1 236.291520051 304.172346186 18083712.0
1009 2 502.668701168 346.206051713 20273854.0
1010 1 236.832937698 304.686553103 18881438.0
1010 2 503.057633619 347.123697629 22278962.0
1011 1 236.787531795 304.971334636 17869271.0
1011 2 501.798570284 346.819795344 24614551.0
1012 1 235.276519182 305.375409962 19025004.0
1012 2 499.914591392 347.354441797 21968097.0
1013 1 232.455622404 304.458672291 20334828.0
1013 2 499.994200828 346.601674698 22841836.0
1014 1 234.448002051 305.96080126 17689958.0
1014 2 502.006691731 346.653384006 24273744.0
1015 1 234.511131601 305.707364336 20238622.0
1015 2 501.751975352 348.554216981 23607817.0
1016 1 236.752077131 305.821236272 18421464.0
1016 2 506.561173946 349.842761106 22051352.0
1017 1 236.41356294 303.009883115 20414567.0
1017 2 507.292049883 348.472959981 24032597.0
1018 1 234.014871847 304.192605332 19425416.0
1018 2 504.194351643 349.383562844 24094260.0
1019 1 234.04781701 306.272315057 18689496.0
1019 2 501.451032746 349.473538091 25402947.0
1020 1 234.165411661 305.894599502 20956622.0
1020 2 502.147329889 348.745312337 23835317.0
1021 1 233.337569909 304.909318793 21549384.0
1021 2 502.586240923 347.924279336 26222088.0
1022 1 231.724412591 307.631414583 17971687.0
1022 2 501.670866168 349.209714138 26254853.0
1023 1 234.593856918 306.673104287 18886043.0
1023 2 502.295676805 349.875212508 24274768.0
1024 1 232.339810545 304.568531728 16726822.0
1024 2 502.067352168 350.068099989 22816796.0
1025 1 232.643712139 305.059344359 18284379.0
1025 2 500.480847366 347.239444614 23516380.0
1026 1 232.955529004 303.610453513 16504735.0
1026 2 499.277089344 345.921272649 21589632.0
1027 1 232.000583005 302.314086338 17507814.0
1027 2 498.363117934 346.098477246 26345093.0
1028 1 233.817753623 302.53856228 18175634.0
1028 2 499.014788375 345.484552148 24782168.0
1029 1 234.89894208 303.171413814 18217018.0
1029 2 499.551950886 344.995154461 24755453.0
1030 1 232.623770307 304.350161843 17644865.0
1030 2 497.479231543 345.950475613 25624559.0
1031 1 230.967000171 303.64705031 18868870.0
1031 2 495.851830475 345.740400598 25973137.0
1032 1 231.599619427 303.495282742 17910704.0
1032 2 493.392350204 345.22067173 24716402.0
1033 1 229.976616062 303.91369809 20316490.0
1033 2 495.087169089 349.066496806 24299478.0
1034 1 230.617048878 306.260630904 20387992.0
1034 2 494.997332373 347.750178874 21963936.0
1035 1 228.461611882 306.133968511 20663534.0
1035 2 494.843082347 347.764756131 22554872.0
1036 1 229.479693144 306.606065803 17431965.0
1036 2 494.387501331 347.359818476 23642215.0
1037 1 225.648296088 305.429482237 18268357.0
1037 2 494.096371522 346.056970328 25845559.0
1038 1 224.399498393 302.769216474 18950114.0
1038 2 493.814633391 344.947326938 24591327.0
1039 1 224.217490412 301.693906338 18907938.0
1039 2 494.184927143 347.150667114 24547743.0
1040 1 223.948566023 304.490666922 16581829.0
1040 2 492.006015334 347.698852491 25813886.0
1041 1 222.841053139 304.564333359 19355172.0
1041 2 488.318466232 348.647632931 22501580.0
1042 1 220.255809967 302.726654134 21448847.0
1042 2 487.29683565 344.119243597 21143210.0
1043 1 221.18792576 299.969399992 19669606.0
1043 2 487.841180171 342.87178595 24324274.0
1044 1 221.491723907 298.6642037 18240037.0
1044 2 486.681824032 341.876704014 20472757.0
1045 1 220.42056828 296.772498985 16049532.0
1045 2 485.837073627 338.42406865 25743526.0
1046 1 222.061829615 297.79796082 17393276.0
1046 2 485.041707437 336.738342928 21843791.0
1047 1 220.051543614 299.559088673 17765952.0
1047 2 486.438841803 338.467350721 24884924.0
1048 1 218.077063712 298.494341721 19045204.0
1048 2 481.979912863 336.647504556 22926967.0
1049 1 215.463802875 296.443737705 20183581.0
1049 2 480.861872527 338.47021883 26174426.0
1050 1 215.655369504 296.735157792 22186619.0
1050 2 478.248088196 337.446277358 26954779.0
1051 1 213.769494658 297.451214268 19753638.0
1051 2 480.983391496 338.899121688 26020754.0
1052 1 216.432306727 295.140113633 17439637.0
1052 2 483.376964444 339.664480744 25928538.0
1053 1 217.878561974 295.205816565 17009512.0
1053 2 483.566033418 337.613888399 20014741.0
1054 1 214.984122336 296.338035976 17379422.0
1054 2 483.592904889 336.310774106 23856020.0
1055 1 216.120764434 297.574053956 17328693.0
1055 2 483.453891135 337.412723839 21607493.0
1056 1 212.646842521 297.62295475 17375732.0
1056 2 480.602979883 336.62302629 23442364.0
1057 1 214.353883802 296.972725701 19721231.0
1057 2 479.559903621 338.795236356 21150708.0
1058 1 215.094395945 295.178374549 22513545.0
1058 2 483.380927023 338.259802215 20591409.0
1059 1 214.568684462 293.56678487 20739221.0
1059 2 483.011289353 337.327152837 25706912.0
1060 1 212.876818585 295.198315278 17637073.0
1060 2 481.54182606 340.071595023 23291831.0
1061 1 213.659496272 295.525289869 16635544.0
1061 2 482.029465554 340.799747813 21815896.0
1062 1 216.595150946 294.712403318 19973213.0
1062 2 481.606869621 341.080706855 25898535.0
1063 1 217.521352204 295.30426044 15636017.0
1063 2 483.415036797 342.978914546 22131028.0
1064 1 217.228985133 297.435323339 18681756.0
1064 2 482.93905782 342.487004698 23014351.0
1065 1 216.799152559 298.421661278 17095670.0
1065 2 482.166920473 342.401922025 24439428.0
1066 1 217.355089634 299.789446343 18139814.0
1066 2 482.935169828 343.758852283 21757547.0
1067 1 217.407327362 300.255371967 20126003.0
1067 2 482.282748609 345.000674719 22996183.0
1068 1 211.431119418 299.015290883 18651921.0
1068 2 474.718092926 343.736322632 24112882.0
1069 1 210.638874067 299.066725062 15750402.0
1069 2 474.022131712 343.416804019 24241616.0
1070 1 212.175346025 301.463810568 20304344.0
1070 2 475.390010249 342.592378068 25392525.0
1071 1 213.286256637 299.439707352 19789633.0
