data/ser/2021-06-07/03_34_00_pipp/step-1_fwhm-22.0-factor-60.0_radius-66.0.aperture_sum.ecsv
# %ECSV 0.9
# ---
# datatype:
# - {name: frame_id, datatype: int32}
# - {name: id, datatype: int32}
# - {name: xcenter, unit: pix, datatype: float64}
# - {name: ycenter, unit: pix, datatype: float64}
# - {name: aperture_sum, datatype: float64}
# meta: !!omap
# - {name: Aperture photometry results}
# - {version: 'astropy: 4.2, photutils: 1.0.1'}
# - {aperture_photometry_args: 'method=''center'', subpixels=5'}
# - {radius: 66.0}
# schema: astropy-2.0
frame_id id xcenter ycenter aperture_sum
[from data line 363]
181 2 495.24687828 272.796011959 25901125.0
182 1 224.295068733 229.229570306 23273757.0
182 2 497.334057424 271.908622702 25501441.0
183 1 226.249255402 228.687530457 20457039.0
183 2 496.2855076 269.689459831 25577485.0
184 1 224.575144022 225.980960886 21597220.0
184 2 494.715771367 268.697758453 24993791.0
185 1 222.851355023 225.646025536 21573915.0
185 2 495.073152774 268.65931031 28773610.0
186 1 220.45223628 225.726696395 22136068.0
186 2 493.363600844 267.221203525 28228652.0
187 1 220.184673146 226.102611417 21751021.0
187 2 493.014165641 267.791726709 24684003.0
188 1 222.458549824 228.147025958 23996976.0
188 2 495.058611301 269.536018215 26988824.0
189 1 224.410422009 227.52915331 24405202.0
189 2 495.135640925 269.698060445 28256271.0
190 1 222.995709934 226.818788517 19847399.0
190 2 496.936503328 269.897713486 25491070.0
191 1 220.703437814 224.999555003 25305784.0
191 2 496.707948561 268.626657549 26043368.0
192 1 221.954070222 225.157372115 21631119.0
192 2 494.347206935 267.601508491 26709235.0
193 1 223.758661165 227.381646326 22730540.0
193 2 495.728675555 267.320032507 24598786.0
194 1 223.107338923 226.202533332 21758323.0
194 2 496.915566292 269.334024687 25714279.0
195 1 220.949415868 225.038060931 21700237.0
195 2 493.912820151 269.448972165 26916740.0
196 1 218.164818148 225.274392584 21315646.0
196 2 491.445414774 269.819965149 24891562.0
197 1 218.674315789 226.514811847 19885026.0
197 2 492.69082371 271.268847901 26605702.0
198 1 220.397347308 229.939657931 21466941.0
198 2 494.683809019 273.544435858 24055107.0
199 1 220.603615016 228.082309866 22788473.0
199 2 494.668187007 271.000779882 25384995.0
200 1 216.867807315 224.601107492 22441134.0
200 2 496.447958986 269.372145172 27888534.0
201 1 218.782512166 225.61231428 20528068.0
201 2 494.712577723 269.912851697 29519791.0
202 1 219.430988501 226.627020591 20808583.0
202 2 495.361252291 268.703752725 25919404.0
203 1 218.187851038 225.748782771 23707003.0
203 2 493.746388031 268.378494755 28140070.0
204 1 219.263303919 223.814337261 19663523.0
204 2 492.822623041 265.314869041 26217634.0
205 1 219.442601982 223.134696188 21676055.0
205 2 495.202307484 264.854277728 24699993.0
206 1 219.708143677 222.6947445 23660806.0
206 2 493.900231432 263.56538233 24685834.0
207 1 218.787438694 221.551259079 23035998.0
207 2 492.545821606 262.710867277 24271789.0
208 1 218.302393347 220.717701625 22001709.0
208 2 492.360990728 262.624430657 24226562.0
209 1 215.93144452 219.116614221 21104676.0
209 2 489.811861026 260.693199154 31565381.0
210 1 215.023555999 217.585920765 21796242.0
210 2 489.950148975 262.015494802 29967474.0
211 1 216.081012684 221.032999495 22381456.0
211 2 489.801411083 266.799165588 26437347.0
212 1 217.257370715 223.714826329 24336077.0
212 2 489.474880574 269.132473716 25012394.0
213 1 220.358564946 223.038357538 24526496.0
213 2 492.076217082 268.839950835 29215265.0
214 1 218.420649882 221.568702551 19126482.0
214 2 491.319885327 267.995711968 27303956.0
215 1 217.152341181 220.943933166 22956088.0
215 2 492.492718392 264.75610275 22495369.0
216 1 216.207784024 218.8113334 20868022.0
216 2 489.317083313 264.79394966 25850969.0
217 1 215.348691905 217.926256172 20397330.0
217 2 487.733310667 263.431776443 28383207.0
218 1 217.803298893 219.820232693 21693198.0
218 2 488.679497091 260.702427732 25913318.0
219 1 216.479022453 219.728170818 23734332.0
219 2 490.665905174 260.701014235 26448658.0
220 1 219.919995857 220.330711298 25262549.0
220 2 492.563197228 261.985760784 29291213.0
221 1 220.405110841 222.749936403 21682203.0
221 2 492.442278201 263.442449878 27748895.0
222 1 221.410255791 223.956759863 22800587.0
222 2 492.737088796 263.263563692 29848386.0
223 1 220.205969551 222.798103136 20379116.0
224 1 219.817661303 221.463417622 24840938.0
224 2 494.160661044 262.258265165 28008119.0
225 1 221.496385187 218.774402601 21881762.0
225 2 496.242213702 264.906185542 27105985.0
226 1 223.000953722 219.533539415 21857528.0
226 2 497.203210219 265.216544846 27060172.0
227 1 222.730193933 220.618637445 20867321.0
227 2 495.876650035 263.282682084 27575257.0
228 1 222.921655961 222.444049972 19953706.0
228 2 495.561652714 263.959302566 24551699.0
229 1 219.223751564 221.974017656 23684236.0
229 2 494.251919156 266.560390988 26381361.0
230 1 218.552437825 222.955549948 22783773.0
230 2 493.50793388 266.264587379 26970863.0
231 1 221.520722005 225.625597379 21755264.0
231 2 494.576886436 268.623112298 27153136.0
232 1 224.869060494 225.528561552 21776769.0
232 2 498.659488925 269.898604422 25792980.0
233 1 227.4966091 225.961783796 21371369.0
233 2 502.268296171 271.395398184 25296663.0
234 1 227.918078473 227.27958205 21038549.0
234 2 502.613357876 271.750485785 26084053.0
235 1 226.700287748 228.006823506 23044569.0
235 2 502.024314197 270.534114245 28354730.0
236 1 227.311079035 227.020197431 22871979.0
236 2 501.489401102 272.898971356 25054553.0
237 1 223.753576688 228.106831149 24349552.0
237 2 499.027068651 275.097250172 26688046.0
238 1 224.990905913 228.925158102 23737170.0
238 2 496.937852787 273.932851795 26869989.0
239 1 224.105922252 230.518616908 23172362.0
239 2 497.957874559 273.180475128 26807978.0
240 1 224.56616513 229.487889772 21568942.0
240 2 498.775905028 271.042357555 26568486.0
241 1 226.788723381 227.833035614 23076057.0
241 2 498.410103758 270.626408772 24629611.0
242 1 225.655400676 228.086175396 22074126.0
242 2 499.479247716 271.483534536 29614193.0
243 1 226.587722712 228.9431739 23488533.0
243 2 501.691253528 271.196793743 27038557.0
244 1 224.102025906 230.100767196 22938309.0
244 2 502.326933833 271.473164869 29589106.0
245 1 226.546298335 230.945919656 23105583.0
245 2 501.353559475 273.363345195 25746835.0
246 1 226.524556817 229.149786269 22480781.0
246 2 501.802406934 272.477469429 24207644.0
247 1 227.011694574 228.125301249 24715927.0
247 2 501.129734208 271.261546739 29057661.0
248 1 228.666956929 229.224915803 21801624.0
248 2 499.970342349 273.716560758 27994135.0
249 1 229.472819329 232.174726204 21544514.0
249 2 499.025524314 275.238709484 27237394.0
250 1 229.644491914 232.159511222 22855106.0
250 2 500.420188006 277.019011855 27628841.0
251 1 228.86399246 230.668277761 23421483.0
251 2 501.139965596 275.884577091 26553777.0
252 1 225.20224008 230.406719383 20312534.0
252 2 496.891246931 273.752863781 27008149.0
253 1 224.097861847 232.455558617 22635531.0
253 2 497.424573482 274.488178958 24266937.0
254 1 224.089355038 230.25783116 21428290.0
254 2 500.135789084 273.477382108 25910244.0
255 1 221.097401737 227.429294226 23446451.0
255 2 494.977467049 271.687730608 26397160.0
256 1 221.820643047 229.843868005 22511782.0
256 2 497.11973297 271.723363645 23411588.0
257 1 224.364079696 228.04513642 23495369.0
257 2 498.522706461 271.873884393 25431286.0
258 1 226.772179346 228.576320628 21497480.0
258 2 499.748210414 271.47396303 26282522.0
259 1 224.522748208 229.418743372 22770856.0
259 2 500.008255473 272.346348032 25585918.0
260 1 223.904090302 228.978390011 23940868.0
260 2 500.482968119 272.039150334 25650131.0
261 1 223.873243602 229.322999566 22484287.0
261 2 498.15307201 270.854720242 25035027.0
262 1 224.634842858 227.777560742 21628361.0
262 2 496.708425849 270.856587679 24644194.0
263 1 224.460840621 228.447587126 22152404.0
263 2 499.162886332 270.796626485 23879153.0
264 1 224.512657637 227.509576188 20735071.0
264 2 497.165698349 271.864747862 24675156.0
265 1 224.231779553 228.145766625 20244989.0
265 2 496.054923737 270.801504147 27346253.0
266 1 224.95010651 227.767492281 21351620.0
266 2 496.757036516 272.2263057 26627616.0
267 1 221.703558336 228.740695594 20390626.0
267 2 493.308519473 274.823522258 27335889.0
268 1 223.462873164 228.15240724 22167209.0
268 2 494.995497903 273.441739442 28392375.0
269 1 225.612073035 229.513727676 19841516.0
269 2 494.092343942 271.08357423 27705858.0
270 1 224.861211821 232.135905554 20807396.0
270 2 493.324970693 271.694564573 27830889.0
271 1 221.144855718 231.448431856 21002640.0
271 2 491.247946414 271.794946581 25797799.0
272 1 220.124410573 232.244221764 21892017.0
272 2 490.730407513 271.92158714 25147039.0
273 1 221.804025585 233.181170474 22221706.0
273 2 491.4339642 273.035146539 27086197.0
274 1 218.650884854 233.531293154 19938010.0
274 2 490.155221552 273.054181818 26674163.0
275 1 216.705295328 233.048066207 23126191.0
275 2 491.455892306 274.566768912 24736518.0
276 1 217.218453688 232.911886003 20469235.0
276 2 491.454193061 274.486578357 30096859.0
277 1 217.760070385 234.601200266 19610658.0
277 2 492.370982803 275.706609604 27860286.0
278 1 217.070357659 235.452276915 20490785.0
278 2 490.173106727 276.94618039 26359111.0
279 1 217.658667726 233.924731329 20861233.0
279 2 490.844912367 275.547271869 24434801.0
280 1 219.567858404 232.514640255 22624455.0
280 2 491.695493587 277.139692348 26606639.0
281 1 218.45104676 232.076817444 18807177.0
281 2 490.034584302 276.660302889 28767400.0
282 1 219.899332145 234.760767008 22837594.0
282 2 492.162844082 279.371579676 27373663.0
283 1 218.541832834 236.713298745 20668711.0
283 2 490.018304264 279.100547141 26593317.0
284 1 221.645905921 237.282688023 21754455.0
284 2 490.574081452 280.040831219 29468987.0
285 1 218.964344005 236.809520443 24276373.0
285 2 493.628287936 279.38001414 29484346.0
286 1 221.720032414 237.186092493 24339703.0
286 2 496.435670039 279.362227769 26201894.0
287 1 221.162174341 239.595708863 20785584.0
287 2 495.404367572 281.881445702 25781796.0
288 1 221.519248469 242.213997888 21266172.0
288 2 493.467098857 282.678933578 28217470.0
289 1 221.950453077 240.43995134 22994297.0
289 2 495.791480445 284.294802922 26997640.0
290 1 226.409040149 241.869936254 22939003.0
290 2 497.240146975 286.416036339 28411140.0
291 1 221.873470439 240.657077077 24354500.0
291 2 495.301458728 284.843714484 29246530.0
292 1 219.757878503 241.952983512 20475705.0
292 2 493.20539723 284.682467557 25003483.0
293 1 224.00250981 244.514998689 22077864.0
293 2 500.039890166 282.902169968 27074067.0
294 1 223.682951985 242.772207982 24222907.0
294 2 499.621532428 282.247760467 27540547.0
295 1 225.859199835 239.157610425 25395988.0
295 2 500.663778239 281.178509329 25981123.0
296 1 222.415616623 238.496511843 20186360.0
296 2 499.480127764 279.512960824 26997174.0
297 1 219.213937039 239.239854663 20875427.0
297 2 492.157916525 281.699772712 26233817.0
298 1 220.829657488 239.919090969 23863232.0
298 2 493.879318596 282.754262651 26873353.0
299 1 223.813204536 242.679191963 21615608.0
299 2 496.399568266 282.852600514 28896243.0
300 1 226.951318289 242.169661321 22848971.0
300 2 495.396478557 281.27250638 25125564.0
301 1 223.731605731 242.480756007 25248825.0
301 2 495.069543332 282.44429486 26031411.0
302 1 224.236658411 239.317875775 24262492.0
302 2 494.880293166 279.57976289 27596144.0
303 1 224.106943319 234.769323037 24583796.0
303 2 492.854701358 277.273319918 27334655.0
304 1 221.891767091 233.212296711 21423676.0
304 2 491.681157635 274.349456068 25458721.0
305 1 220.725404997 233.760445385 22225780.0
305 2 492.62345831 275.306482265 27402735.0
306 1 219.669198376 232.52325942 22971584.0
306 2 491.970851175 274.320327419 28331867.0
307 1 491.494128756 276.391925671 28282029.0
308 1 218.32264316 237.885836048 19716413.0
308 2 491.839755614 276.651303248 23114417.0
309 1 219.045502934 237.229368592 23204243.0
309 2 492.77957307 277.283789917 28015118.0
310 1 218.727203731 236.104136669 22462740.0
310 2 491.484998166 277.720100052 29593048.0
311 1 492.855105127 279.100767111 28150284.0
312 1 219.383345742 235.181173898 24036364.0
312 2 493.553325033 279.863566316 28921853.0
313 1 218.588462449 235.535959886 21034087.0
313 2 492.794047118 281.691856872 24139614.0
314 1 218.648086516 234.707640709 24299248.0
314 2 490.190108201 282.071295169 27255278.0
315 1 215.410343462 234.211551547 22211853.0
315 2 489.368032153 281.831412804 28011223.0
316 1 214.959315465 234.768743436 22223152.0
316 2 487.728367542 280.920647842 28831296.0
317 1 215.018785004 235.791927525 22232921.0
317 2 488.169054646 280.222737716 28346135.0
318 1 214.634619767 236.077781134 22126984.0
318 2 488.440627291 278.103395815 26967497.0
319 1 215.403835722 236.460998262 23731266.0
319 2 491.338146668 279.998317811 29063817.0
320 1 218.402675367 238.615841468 19309209.0
320 2 491.357869077 281.113156622 30492545.0
321 1 218.325086292 238.720726089 22005626.0
321 2 490.220871827 281.880277973 29199208.0
322 1 212.383841842 240.031935077 22735366.0
322 2 496.602394463 282.598826717 25322327.0
323 1 219.970336066 238.542292203 24910423.0
323 2 495.384233424 282.770788544 28812517.0
324 1 224.282249149 239.079934404 21181060.0
324 2 497.882496954 282.205394081 29117398.0
325 1 496.99947754 278.90325273 25357712.0
326 1 220.872851655 235.645453737 21414410.0
326 2 495.116761992 278.699548095 26861072.0
327 1 221.505256768 235.660195118 23559955.0
327 2 493.230764808 277.566255372 28351543.0
328 1 218.973100636 235.485067038 22730013.0
328 2 490.536437863 277.693276257 24078182.0
329 1 216.702428329 234.00879903 22222033.0
329 2 486.623472818 277.179847695 26946683.0
330 1 222.617964649 238.038594049 22119711.0
330 2 487.920766304 279.406174142 25236243.0
330 3 499.033347033 286.079661864 25245069.0
331 1 218.018083733 238.20162299 23419923.0
331 2 493.775063398 285.215274302 30156643.0
332 1 219.064904209 238.476276939 23508910.0
332 2 492.079579079 284.404774308 25044152.0
333 1 219.057691158 240.594893843 20908727.0
333 2 493.461326779 284.21949872 25423518.0
334 1 218.753319904 239.482434356 20960976.0
334 2 490.758827357 280.535203338 28497387.0
335 1 217.954585979 237.189718447 23280815.0
335 2 491.657318502 279.676008538 26020168.0
336 1 218.469532812 235.586806124 19455087.0
336 2 491.295507882 277.898808584 29115826.0
337 1 217.249792185 237.077384682 21831978.0
337 2 488.594495803 276.408106566 29298592.0
338 1 216.741680644 237.492475876 25045906.0
338 2 489.267229533 279.244630251 25665183.0
339 1 215.204553574 236.861752219 22449733.0
339 2 490.35680157 280.098999879 29333021.0
340 1 214.758789442 237.18192163 24134284.0
340 2 485.559705123 278.522978838 28048242.0
341 1 213.37303366 237.789537965 21006988.0
341 2 485.288059231 282.435138169 27995257.0
342 1 213.59078407 238.866422197 20615919.0
342 2 485.66606026 280.293911348 29497568.0
343 1 215.126642616 238.821052155 22481737.0
343 2 488.783786463 279.249622028 27690474.0
344 1 216.356555347 238.348238554 20440281.0
344 2 487.130965909 276.673101999 27872681.0
345 1 214.471065249 236.171003437 24241587.0
345 2 486.965954201 276.769631167 28889221.0
346 1 211.204896699 233.852811994 24445376.0
346 2 486.4165053 276.388120794 29140279.0
347 1 210.951160329 234.298692638 21376225.0
347 2 487.794697901 276.875786724 26050014.0
348 1 212.604397802 233.224851388 23029826.0
348 2 488.235909344 279.733718268 23393265.0
349 1 215.479495717 235.679650958 21000762.0
349 2 488.519616146 279.994146337 28118089.0
350 1 216.389313281 236.792435965 23476090.0
350 2 490.109844572 277.919036865 29665407.0
351 1 214.87502173 237.565939856 23581909.0
351 2 488.93787735 279.641390811 27231432.0
352 1 212.463309169 238.429589704 23162805.0
352 2 486.326871195 280.291730807 26245240.0
353 1 214.344086768 241.127395755 23710345.0
353 2 485.397719789 281.047173528 26353602.0
354 1 214.821196289 241.667258719 21783812.0
354 2 487.022115942 279.998447278 26411617.0
355 1 216.696496192 240.719784313 25792860.0
355 2 488.543706888 282.837844255 26580703.0
356 1 220.010232764 240.46014954 22760156.0
356 2 491.086316032 282.716214568 28888602.0
357 1 220.80539473 240.133310179 21867279.0
357 2 492.857455085 284.665145467 27246404.0
358 1 218.027509705 240.690828985 20240454.0
358 2 493.747354392 282.263742971 28280338.0
359 1 217.80097948 238.98868549 23205082.0
359 2 491.715595751 281.068127202 28479138.0
360 1 216.733710722 233.69998989 24911975.0
360 2 490.041245708 279.788326875 27819152.0
