data/ser/2021-06-07/03_34_00_pipp/step-1_fwhm-22.0-factor-60.0_radius-66.0.aperture_sum.ecsv
# %ECSV 0.9
# ---
# datatype:
# - {name: frame_id, datatype: int32}
# - {name: id, datatype: int32}
# - {name: xcenter, unit: pix, datatype: float64}
# - {name: ycenter, unit: pix, datatype: float64}
# - {name: aperture_sum, datatype: float64}
# meta: !!omap
# - {name: Aperture photometry results}
# - {version: 'astropy: 4.2, photutils: 1.0.1'}
# - {aperture_photometry_args: 'method=''center'', subpixels=5'}
# - {radius: 66.0}
# schema: astropy-2.0
frame_id id xcenter ycenter aperture_sum
[from data line 1792]
896 2 508.898022928 345.130047446 32570117.0
897 1 245.727151586 305.844133068 24905933.0
897 2 512.015442585 346.741919648 31375885.0
898 1 246.195710881 306.39475071 22585775.0
898 2 514.033568323 348.922190609 25763201.0
899 1 245.564968314 307.553223181 22789855.0
899 2 512.638779866 349.489013372 28673800.0
900 1 244.515796425 308.342643198 24335908.0
900 2 513.036306233 350.514581902 26705838.0
901 1 244.120051134 308.75916356 25479533.0
901 2 511.499055872 351.574592149 25260360.0
902 1 243.53775447 309.091994437 23746756.0
902 2 510.683570136 351.348055948 31030395.0
903 1 245.264641902 308.40561776 23867811.0
903 2 512.31196076 350.10698919 32719297.0
904 1 248.472471848 308.384927658 22103404.0
904 2 514.602187358 349.930642667 30593459.0
905 1 247.364299379 305.743531339 23628789.0
905 2 514.645409186 349.292932043 30590504.0
906 1 246.360316731 305.298753037 23868179.0
906 2 512.046649839 347.785294346 30869470.0
907 1 243.253295626 306.855497981 25715054.0
907 2 512.755216791 348.858902809 28047215.0
908 1 244.084078367 306.009764484 24118636.0
908 2 513.206496208 347.675837693 28490400.0
909 1 243.004035471 304.694549169 22966390.0
909 2 514.641987861 346.940734845 29350120.0
910 1 242.757280337 305.003436091 23431747.0
910 2 252.274628657 310.167299034 23438961.0
910 3 513.291354323 347.283419444 28457583.0
911 1 240.940101108 304.233076745 20411598.0
911 2 254.751782506 312.418341317 20389894.0
911 3 523.021439251 350.440456877 31027685.0
912 1 248.308903952 310.52035944 24555792.0
912 2 516.933510984 347.932894097 31708026.0
913 1 252.057796661 307.993479533 24453327.0
913 2 519.316116495 347.40462516 28397863.0
914 1 249.220722246 306.483760824 25978190.0
914 2 517.097139415 347.378707118 28141738.0
915 1 249.581704715 307.968060593 24966455.0
915 2 519.364309481 347.476261197 30090204.0
916 1 247.283142169 309.271056755 23459189.0
916 2 517.454541766 350.080180699 27413287.0
917 1 245.92815246 308.622491193 25593644.0
917 2 516.245406427 350.551431849 30361903.0
918 1 244.209397597 308.578980409 21821607.0
918 2 514.111991087 350.064793076 29086179.0
919 1 244.079113191 305.931716575 24940397.0
919 2 517.179971019 347.891971604 27827918.0
920 1 245.910777566 305.569818462 25092443.0
920 2 516.509921575 348.308146024 28566564.0
921 1 246.870983903 306.811462534 24067830.0
921 2 515.109499703 346.898965123 31272304.0
922 1 246.40928977 308.890790674 25315829.0
922 2 515.48296004 350.019287204 28418618.0
923 1 246.189943453 309.23569289 26656421.0
923 2 516.699433695 350.388262145 27430974.0
924 1 248.908886302 307.589177367 25360344.0
924 2 515.4267431 350.104525257 28925740.0
925 1 251.412678961 308.08300818 24271586.0
925 2 518.247174546 350.921709468 28396677.0
926 1 247.770229836 307.090258304 23205603.0
926 2 512.308225259 349.46990355 29429049.0
927 1 245.332259483 306.598096835 24290380.0
927 2 511.686305435 348.729237192 28760922.0
928 1 245.333649338 305.562584275 24490379.0
928 2 510.863159363 347.877565681 28911605.0
929 1 245.380602757 304.644469414 23646051.0
929 2 511.100360505 347.801661715 28393468.0
930 1 247.578328858 303.662305549 24971712.0
930 2 513.229098118 346.821360793 31785827.0
931 1 239.306126786 304.488641419 22310541.0
931 2 512.129964116 346.113692394 29155461.0
932 1 245.141533 303.807243208 21928906.0
932 2 513.322105501 347.620404858 31340981.0
933 1 244.571908867 304.923262867 23559312.0
933 2 511.763981002 348.671679353 31777997.0
934 1 242.826820555 304.87884475 22532796.0
934 2 508.535693347 346.753820717 31927159.0
935 1 240.462674478 302.895572992 23535623.0
935 2 505.626814642 344.682176782 29826041.0
936 1 238.696485832 302.38692211 22860745.0
936 2 504.831691943 341.551938888 28954432.0
937 1 236.374772214 299.975356821 25411045.0
937 2 505.198415644 342.147775546 28346686.0
938 1 234.244802514 298.529104079 22705236.0
938 2 503.931478608 340.521128696 29593946.0
939 1 232.928068514 295.941914545 23712375.0
939 2 503.658239471 341.150996732 28855936.0
940 1 233.519211664 298.829032573 22276117.0
940 2 502.610259242 340.862169202 29754253.0
941 1 233.432213833 299.905953094 23693265.0
941 2 502.418252664 342.295073678 26241505.0
942 1 231.871348617 299.040175618 23906970.0
942 2 499.192582616 342.46981861 30393883.0
943 1 229.080105028 300.606663342 24165299.0
943 2 498.074121467 341.598331748 31337855.0
944 1 228.002388679 299.894143924 23075076.0
944 2 496.544421116 341.91663776 28404565.0
945 1 227.77971256 297.907206143 26663522.0
945 2 497.057400887 342.202216918 27186202.0
946 1 228.820133996 296.102453886 25403188.0
946 2 495.880667804 342.145115849 28962370.0
947 1 226.570970642 296.799778518 23531535.0
947 2 496.111765541 342.866977397 26446115.0
948 1 229.449032119 298.683868924 22834923.0
948 2 496.285298047 342.041912547 29159117.0
949 1 230.388597069 300.480704083 25028824.0
949 2 496.240615054 342.538326754 29670208.0
950 1 229.212474728 300.655566962 24215680.0
950 2 497.25359824 344.102407922 26568419.0
951 1 227.99409787 300.093017083 24790909.0
951 2 495.59184484 343.132544813 30114346.0
952 1 228.428361734 299.322339659 23972047.0
952 2 494.341357176 343.133665768 27106264.0
953 1 225.741497876 300.294366545 25187586.0
953 2 495.357688377 344.795139431 29963093.0
954 1 225.855502584 300.98066285 23836723.0
954 2 495.382301025 344.869924611 29346495.0
955 1 228.032108141 301.956946492 25614266.0
955 2 496.87401637 344.708985614 28565639.0
956 1 230.467830119 302.62368181 23493684.0
956 2 496.805237765 346.070262305 30289314.0
957 1 229.067235091 302.773590461 23835543.0
957 2 497.563034132 344.53609432 31742704.0
958 1 230.539288052 302.816687351 25212957.0
958 2 497.302046419 344.363589222 31968535.0
959 1 230.946894613 304.328598104 23767370.0
959 2 499.435945937 344.155376112 30098247.0
960 1 231.906981287 303.789908478 27497595.0
960 2 499.899578362 345.795513302 27851962.0
961 1 233.224615739 301.410134953 25913684.0
961 2 498.556361789 345.887782763 29842837.0
962 1 231.566395713 303.007126766 22932127.0
962 2 498.180197359 345.707917219 29385558.0
963 1 231.063968463 301.246751122 22979152.0
963 2 497.052320767 343.773838046 27814512.0
964 1 230.246246198 302.407033608 21001784.0
964 2 494.616158311 344.174716999 28948587.0
965 1 231.042597851 303.105957387 24378536.0
965 2 494.991899829 345.713113586 28228881.0
966 1 229.48736754 302.63559513 23085303.0
966 2 494.484380043 347.474387004 28719830.0
967 1 229.359398575 303.727948134 21336261.0
967 2 495.537326131 347.487104353 27315655.0
968 1 232.545969141 302.238217511 25762742.0
968 2 500.671712211 346.307638541 28237298.0
969 1 232.649073249 301.672245697 23708900.0
969 2 505.15106313 344.628504036 26001323.0
969 3 493.334321791 351.113809608 25932131.0
970 1 235.49484775 304.248475442 25560466.0
970 2 498.27604207 348.650940416 28491603.0
971 1 234.778704175 303.645142012 27874535.0
971 2 500.656576921 349.926155743 30611133.0
972 1 235.530386928 302.78383984 23341652.0
972 2 502.508610148 347.764225452 30833202.0
973 1 234.9890275 303.638373459 25405988.0
973 2 502.306777815 343.803958207 29090679.0
974 1 235.571485544 304.842859694 23185293.0
974 2 502.818615724 344.445271863 27645922.0
975 1 234.338305134 306.036553992 24800228.0
975 2 501.649418035 346.012348155 29676024.0
976 1 234.772613071 305.97072038 24742575.0
976 2 503.023587191 348.653393276 28521684.0
977 1 234.573712822 304.855064081 24060069.0
977 2 501.059887993 348.246313101 26657950.0
978 1 234.574065615 306.381720366 23017780.0
978 2 502.063256617 348.012699446 29621574.0
979 1 234.984412237 307.043790781 25662066.0
979 2 502.755645988 347.391387388 28283624.0
980 1 236.706541932 307.829835537 23073746.0
980 2 502.785132763 348.349182146 29801242.0
981 1 237.74203891 307.662843726 25872542.0
981 2 503.954031532 350.034313763 31766405.0
982 1 236.894704796 308.339179401 24177309.0
982 2 503.13666807 349.622751456 28955670.0
983 1 237.722682629 308.499635522 21754771.0
983 2 505.504953756 349.844268256 30774016.0
984 1 236.429909882 307.463442497 22255779.0
984 2 505.237063958 348.319069712 31732256.0
985 1 235.419894889 308.839775522 22156622.0
985 2 503.820326358 348.876025757 30911398.0
986 1 236.909292566 307.18629958 24598812.0
986 2 505.854695132 348.865688209 31486726.0
987 1 235.492766754 304.957689236 24676689.0
987 2 503.162104371 345.591309523 28247303.0
988 1 233.420788162 304.853939267 22145288.0
988 2 501.12867479 345.010142016 29014026.0
989 1 234.715625486 306.610477083 25056206.0
989 2 500.004305571 345.583434744 31212752.0
990 1 235.890662053 307.786954275 25208461.0
990 2 503.110737008 346.804778577 26643484.0
991 1 238.116161708 307.31124723 24703191.0
991 2 504.886645319 348.173281107 30187910.0
992 1 238.359994563 307.307418167 27598174.0
992 2 504.638931197 349.033530964 31230102.0
993 1 237.972567394 305.756114401 24590085.0
993 2 503.817972722 348.913880325 31362697.0
994 1 237.172994048 304.128282523 23969445.0
994 2 503.006959148 345.660781438 28996616.0
995 1 240.560328127 306.071617189 22795616.0
995 2 504.840792946 347.473068632 29221663.0
996 1 239.6816714 304.304518676 26169437.0
996 2 504.332834208 348.059850136 26656022.0
997 1 235.784000632 304.786544318 23704419.0
997 2 501.836516723 347.665118534 28035962.0
998 1 234.494997572 303.91895531 22623237.0
998 2 504.210977419 346.418608008 30909464.0
999 1 235.330724225 302.945807669 24038515.0
999 2 502.927912465 346.581145954 31218448.0
1000 1 237.042552085 303.653210978 24907949.0
1000 2 504.80724497 345.772285507 33531316.0
1001 1 238.157613625 302.747640337 25279552.0
1001 2 503.461724177 345.49134998 30726385.0
1002 1 237.160447564 302.108614066 23962773.0
1002 2 501.111493195 348.392706905 27934305.0
1003 1 236.716327579 304.803985844 24279551.0
1003 2 500.682442147 348.924586108 32520343.0
1004 1 235.39440029 304.351378362 22362497.0
1004 2 500.793174575 347.917226729 29450549.0
1005 1 233.957681353 304.822203484 22584676.0
1005 2 502.647153757 347.16390946 32583900.0
1006 1 232.729362067 304.409082502 25136194.0
1006 2 500.250803815 345.125521056 27706487.0
1007 1 232.504261626 303.427496699 25161063.0
1007 2 499.808841353 344.451072174 30021065.0
1008 1 233.738236169 302.810702569 24489579.0
1008 2 499.136304355 344.214689437 28284937.0
1009 1 236.291520051 304.172346186 23543885.0
1009 2 502.668701168 346.206051713 25985149.0
1010 1 236.832937698 304.686553103 24335677.0
1010 2 503.057633619 347.123697629 27980601.0
1011 1 236.787531795 304.971334636 23386359.0
1011 2 501.798570284 346.819795344 30372032.0
1012 1 235.276519182 305.375409962 24571473.0
1012 2 499.914591392 347.354441797 27652012.0
1013 1 232.455622404 304.458672291 25871195.0
1013 2 499.994200828 346.601674698 28641167.0
1014 1 234.448002051 305.96080126 23152974.0
1014 2 502.006691731 346.653384006 29962477.0
1015 1 234.511131601 305.707364336 25707472.0
1015 2 501.751975352 348.554216981 29338827.0
1016 1 236.752077131 305.821236272 23891910.0
1016 2 506.561173946 349.842761106 27800539.0
1017 1 236.41356294 303.009883115 25987187.0
1017 2 507.292049883 348.472959981 29791416.0
1018 1 234.014871847 304.192605332 24935873.0
1018 2 504.194351643 349.383562844 29863153.0
1019 1 234.04781701 306.272315057 24133124.0
1019 2 501.451032746 349.473538091 31197929.0
1020 1 234.165411661 305.894599502 26470382.0
1020 2 502.147329889 348.745312337 29624064.0
1021 1 233.337569909 304.909318793 27083105.0
1021 2 502.586240923 347.924279336 32038005.0
1022 1 231.724412591 307.631414583 23498446.0
1022 2 501.670866168 349.209714138 32029638.0
1023 1 234.593856918 306.673104287 24374948.0
1023 2 502.295676805 349.875212508 30066464.0
1024 1 232.339810545 304.568531728 22233673.0
1024 2 502.067352168 350.068099989 28570553.0
1025 1 232.643712139 305.059344359 23801648.0
1025 2 500.480847366 347.239444614 29300204.0
1026 1 232.955529004 303.610453513 21945941.0
1026 2 499.277089344 345.921272649 27280086.0
1027 1 232.000583005 302.314086338 23016766.0
1027 2 498.363117934 346.098477246 32137389.0
1028 1 233.817753623 302.53856228 23695890.0
1028 2 499.014788375 345.484552148 30518470.0
1029 1 234.89894208 303.171413814 23718070.0
1029 2 499.551950886 344.995154461 30565991.0
1030 1 232.623770307 304.350161843 23151901.0
1030 2 497.479231543 345.950475613 31361314.0
1031 1 230.967000171 303.64705031 24385918.0
1031 2 495.851830475 345.740400598 31750806.0
1032 1 231.599619427 303.495282742 23435469.0
1032 2 493.392350204 345.22067173 30520164.0
1033 1 229.976616062 303.91369809 25876956.0
1033 2 495.087169089 349.066496806 29954398.0
1034 1 230.617048878 306.260630904 25955426.0
1034 2 494.997332373 347.750178874 27670091.0
1035 1 228.461611882 306.133968511 26213182.0
1035 2 494.843082347 347.764756131 28342341.0
1036 1 229.479693144 306.606065803 22930101.0
1036 2 494.387501331 347.359818476 29401396.0
1037 1 225.648296088 305.429482237 23776639.0
1037 2 494.096371522 346.056970328 31680640.0
1038 1 224.399498393 302.769216474 24466582.0
1038 2 493.814633391 344.947326938 30385688.0
1039 1 224.217490412 301.693906338 24361223.0
1039 2 494.184927143 347.150667114 30326565.0
1040 1 223.948566023 304.490666922 22108775.0
1040 2 492.006015334 347.698852491 31612378.0
1041 1 222.841053139 304.564333359 24860190.0
1041 2 488.318466232 348.647632931 28275795.0
1042 1 220.255809967 302.726654134 27013650.0
1042 2 487.29683565 344.119243597 26935857.0
1043 1 221.18792576 299.969399992 25212337.0
1043 2 487.841180171 342.87178595 30140711.0
1044 1 221.491723907 298.6642037 23739994.0
1044 2 486.681824032 341.876704014 26206240.0
1045 1 220.42056828 296.772498985 21616781.0
1045 2 485.837073627 338.42406865 31565559.0
1046 1 222.061829615 297.79796082 22945469.0
1046 2 485.041707437 336.738342928 27685747.0
1047 1 220.051543614 299.559088673 23261206.0
1047 2 486.438841803 338.467350721 30670673.0
1048 1 218.077063712 298.494341721 24612143.0
1048 2 481.979912863 336.647504556 28684149.0
1049 1 215.463802875 296.443737705 25743204.0
1049 2 480.861872527 338.47021883 31941229.0
1050 1 215.655369504 296.735157792 27770854.0
1050 2 478.248088196 337.446277358 32801314.0
1051 1 213.769494658 297.451214268 25344057.0
1051 2 480.983391496 338.899121688 31851421.0
1052 1 216.432306727 295.140113633 22970184.0
1052 2 483.376964444 339.664480744 31749661.0
1053 1 217.878561974 295.205816565 22549768.0
1053 2 483.566033418 337.613888399 25840581.0
1054 1 214.984122336 296.338035976 22894177.0
1054 2 483.592904889 336.310774106 29699276.0
1055 1 216.120764434 297.574053956 22838320.0
1055 2 483.453891135 337.412723839 27408289.0
1056 1 212.646842521 297.62295475 22994754.0
1056 2 480.602979883 336.62302629 29243580.0
1057 1 214.353883802 296.972725701 25265036.0
1057 2 479.559903621 338.795236356 26924940.0
1058 1 215.094395945 295.178374549 28083989.0
1058 2 483.380927023 338.259802215 26409543.0
1059 1 214.568684462 293.56678487 26320653.0
1059 2 483.011289353 337.327152837 31503511.0
1060 1 212.876818585 295.198315278 23178587.0
1060 2 481.54182606 340.071595023 29101174.0
1061 1 213.659496272 295.525289869 22234307.0
1061 2 482.029465554 340.799747813 27629039.0
1062 1 216.595150946 294.712403318 25595056.0
1062 2 481.606869621 341.080706855 31697502.0
1063 1 217.521352204 295.30426044 21218202.0
1063 2 483.415036797 342.978914546 27988602.0
1064 1 217.228985133 297.435323339 24259736.0
1064 2 482.93905782 342.487004698 28784513.0
1065 1 216.799152559 298.421661278 22697672.0
1065 2 482.166920473 342.401922025 30322667.0
1066 1 217.355089634 299.789446343 23731836.0
1066 2 482.935169828 343.758852283 27607146.0
1067 1 217.407327362 300.255371967 25748910.0
1067 2 482.282748609 345.000674719 28793643.0
1068 1 211.431119418 299.015290883 24271042.0
1068 2 474.718092926 343.736322632 29937005.0
1069 1 210.638874067 299.066725062 21351262.0
1069 2 474.022131712 343.416804019 30060660.0
1070 1 212.175346025 301.463810568 25941409.0
1070 2 475.390010249 342.592378068 31175571.0
1071 1 213.286256637 299.439707352 25362006.0
