data/ser/2021-06-07/03_34_00_pipp/step-1_fwhm-22.0-factor-60.0_radius-57.2.aperture_sum.ecsv
# %ECSV 0.9
# ---
# datatype:
# - {name: frame_id, datatype: int32}
# - {name: id, datatype: int32}
# - {name: xcenter, unit: pix, datatype: float64}
# - {name: ycenter, unit: pix, datatype: float64}
# - {name: aperture_sum, datatype: float64}
# meta: !!omap
# - {name: Aperture photometry results}
# - {version: 'astropy: 4.2, photutils: 1.0.1'}
# - {aperture_photometry_args: 'method=''center'', subpixels=5'}
# - {radius: 57.2}
# schema: astropy-2.0
frame_id id xcenter ycenter aperture_sum
[from data line 4243]
2123 1 183.600054106 364.031868083 25686418.0
2123 2 443.052485447 405.191616364 30744802.0
2124 1 180.635380612 365.426943511 27447161.0
2124 2 440.21893452 406.467447452 32043587.0
2125 1 182.686425657 364.273778637 26803637.0
2125 2 441.669550136 406.134871826 31289401.0
2126 1 186.565755363 366.275059979 24732580.0
2126 2 443.324663021 407.220453195 32576258.0
2127 1 190.024057168 367.438120125 27507130.0
2127 2 444.721027988 409.64449653 31170898.0
2128 1 191.595950337 369.060661966 27204905.0
2128 2 449.839983166 412.499747919 27550825.0
2129 1 193.226793339 368.997162524 26130025.0
2129 2 452.10612632 413.468561292 33386171.0
2130 1 195.948455374 369.628819097 25270198.0
2130 2 452.638359152 414.225008363 29926560.0
2131 1 194.08978012 368.688019805 25900616.0
2131 2 450.930424995 411.956637752 34819523.0
2132 1 192.956154878 367.993268014 26920847.0
2132 2 449.788674146 408.234519572 27650414.0
2133 1 193.252314303 368.526719508 26899682.0
2133 2 451.982074802 407.984017685 32965244.0
2134 1 194.521616749 367.032673473 25608838.0
2134 2 452.036673456 408.904155871 30672689.0
2135 1 195.15145404 367.608757792 27164709.0
2135 2 455.517330799 410.383191733 28598012.0
2136 1 194.939645565 366.414602314 28471812.0
2136 2 454.611578614 410.754397181 30339607.0
2137 1 195.668358401 366.535664886 26311806.0
2137 2 454.165984231 410.417160643 27856698.0
2138 1 195.658738415 366.960655799 25676433.0
2138 2 453.185061727 409.350239001 31541928.0
2139 1 195.994444253 368.413852001 25093237.0
2139 2 453.426954572 409.5309663 30161076.0
2140 1 196.117429794 369.754281235 25826707.0
2140 2 454.230991445 410.544821482 31871252.0
2141 1 195.012338136 370.91485053 27723803.0
2141 2 453.1850844 411.39099394 29971394.0
2142 1 195.643580613 371.297775602 27379500.0
2142 2 453.111880624 412.416141726 29951748.0
2143 1 197.309885928 370.834462715 25971270.0
2143 2 453.594467204 413.46918933 27665025.0
2144 1 197.166362897 370.035878057 28007735.0
2144 2 452.299860547 411.557737355 30037046.0
2145 1 192.810565327 369.01405505 28450092.0
2145 2 451.272635325 411.005964588 33181840.0
2146 1 194.572552176 368.719099187 26764063.0
2146 2 452.21116142 409.584256135 32424707.0
2147 1 195.794773127 367.029034697 24972847.0
2147 2 453.212499087 407.970034426 32078909.0
2148 1 195.741428784 365.521271158 25812401.0
2148 2 452.845402318 406.371812197 33313913.0
2149 1 193.511827099 368.683959954 24241153.0
2149 2 450.757654916 407.68684101 31191152.0
2150 1 194.444375356 368.870292945 26832011.0
2150 2 452.147058763 411.012850788 32230906.0
2151 1 194.599024098 367.451220516 25328177.0
2151 2 453.60521854 411.270968138 29500138.0
2152 1 195.028582213 366.014253381 26309487.0
2152 2 453.378776543 412.025485295 30236459.0
2153 1 194.774609139 366.745592306 28725927.0
2153 2 452.260895203 409.058606487 34833870.0
2154 1 194.337720691 366.469940601 26216319.0
2154 2 451.124523106 408.461812447 34177502.0
2155 1 198.820876389 366.237830979 27076515.0
2155 2 453.379884134 406.935537269 33648273.0
2156 1 199.350212097 365.321856383 26431630.0
2156 2 452.951159308 407.787900325 28001550.0
2157 1 196.427282991 365.024608279 27289185.0
2157 2 454.381204964 407.939727548 31617427.0
2158 1 196.049054355 366.165403707 27279743.0
2158 2 452.184349106 407.522408092 30334238.0
2159 1 194.204207145 365.961604275 24397101.0
2159 2 450.380469227 408.230271531 29283964.0
2160 1 193.146708315 368.343933994 24998676.0
2160 2 449.628016568 408.317317353 30191658.0
2161 1 193.34088135 368.994503329 26275390.0
2161 2 447.636608074 408.169175068 28696399.0
2162 1 192.941579931 371.414312624 24753611.0
2162 2 449.907829693 411.065765667 30266889.0
2163 1 185.871557726 367.4292472 26660996.0
2163 2 443.131336869 407.544087261 28910098.0
2164 1 185.332990677 367.602039681 27514544.0
2164 2 442.123600074 406.580919495 31463653.0
2165 1 186.42583007 371.177128012 26304222.0
2165 2 442.236691141 412.262383446 26526549.0
2166 1 188.103326932 372.320801477 24819641.0
2166 2 446.129183879 413.971750115 29657634.0
2167 1 188.10180217 373.007255065 26989841.0
2167 2 446.79892941 413.95387504 29526652.0
2168 1 189.150648814 370.854908392 27475855.0
2168 2 446.902794449 411.680714594 30062501.0
2169 1 184.195500127 368.113252504 27746444.0
2169 2 444.031211792 411.294470365 29658208.0
2170 1 183.049788604 369.54169276 23818762.0
2170 2 442.30122477 410.407387221 30915053.0
2171 1 183.671453105 369.953411492 26574166.0
2171 2 441.542597063 410.277946456 30212940.0
2172 1 182.04038617 368.8408172 26907995.0
2172 2 439.204796261 408.091517672 29893639.0
2173 1 180.566458867 367.269707681 27732941.0
2173 2 438.192234917 407.518153504 32014709.0
2174 1 182.706579921 366.628778198 27964004.0
2174 2 439.333347743 406.27083522 30696569.0
2175 1 184.308423217 365.121431714 26322144.0
2175 2 442.048425301 405.747076976 30248300.0
2176 1 185.56286328 364.550637435 24861713.0
2176 2 444.351603738 405.147494146 30778539.0
2177 1 445.310884265 405.600635693 29661176.0
2178 1 189.165847997 360.035274752 24763555.0
2178 2 444.531939773 402.045174981 30928266.0
2179 1 182.92270553 358.246399138 26439197.0
2179 2 437.195350209 400.597188909 29075477.0
2180 1 175.226636064 352.422283527 26675459.0
2180 2 189.998279288 355.682936705 26710557.0
2180 3 430.890673455 394.735719258 29499056.0
2180 4 446.852873662 397.660602542 29545690.0
2181 1 185.372738535 357.383457678 27301466.0
2181 2 441.921876912 399.311707871 28590407.0
2182 1 178.932689827 356.352979192 27871802.0
2182 2 435.82915143 395.875176221 33630103.0
2183 1 177.791202475 357.032874964 25111575.0
2183 2 439.098416217 398.214707006 31855691.0
2184 1 175.732963737 356.815077308 27336828.0
2184 2 433.937988266 395.308285517 28631620.0
2185 1 179.08495965 358.146797546 27459893.0
2185 2 435.36341924 399.882395997 30074050.0
2186 1 180.611400296 360.660236789 27536737.0
2186 2 436.917596794 401.493613991 33580809.0
2187 1 182.888336954 363.03659355 29611070.0
2187 2 439.036762721 404.826517342 32276525.0
2188 1 180.802116307 364.661067582 26684790.0
2188 2 441.106533956 409.134822556 31078598.0
2189 1 181.217912697 366.335503001 26312461.0
2189 2 440.29505453 409.210700961 34457814.0
2190 1 184.669672671 366.315974601 26799294.0
2190 2 440.154057524 408.336310321 30110756.0
2191 1 184.47104407 364.617646563 27201299.0
2191 2 441.959274438 407.110489545 29892582.0
2192 1 189.093942111 363.983592993 27100652.0
2192 2 441.612290376 405.304936777 30933341.0
2193 1 183.816988403 363.139437522 27348339.0
2193 2 439.840279743 406.739974828 31132598.0
2194 1 186.96094401 365.435005656 27334489.0
2194 2 443.322867894 407.066904411 30550111.0
2195 1 185.114427805 363.66532015 30305666.0
2195 2 440.33136335 406.980466651 29386333.0
2196 1 186.133116709 364.470120252 25353318.0
2196 2 440.986583276 408.132211659 31238708.0
2197 1 189.788633869 367.233361568 23363931.0
2197 2 441.049442432 407.08821829 27850584.0
2198 1 187.401797862 369.944621573 24839533.0
2198 2 443.313319618 408.829529963 29802753.0
2199 1 187.23276848 369.05203604 25709189.0
2199 2 442.284434232 408.647799128 30163259.0
2200 1 183.843497826 368.48737672 27999665.0
2200 2 447.385905999 411.554253542 29963595.0
2201 1 187.127283624 369.315844607 26619997.0
2201 2 443.205267809 412.301258287 30790348.0
2202 1 187.166179148 371.863075502 24964651.0
2202 2 444.087970739 413.458097414 33950693.0
2203 1 186.371263076 374.220347085 24776851.0
2203 2 445.076356742 415.335835187 30219962.0
2204 1 187.840416344 374.167350732 24716191.0
2204 2 447.31719881 414.90011684 29007658.0
2205 1 189.34712267 374.158500432 27431169.0
2205 2 447.656861411 416.229116504 32614492.0
2206 1 190.355177909 373.058483721 28416106.0
2206 2 447.959214978 416.921888075 29190822.0
2207 1 189.499808271 371.150774607 27718470.0
2207 2 448.958925215 415.72396735 32888401.0
2208 1 191.495675877 372.755207837 27123819.0
2208 2 450.749339472 414.972959244 32243285.0
2209 1 188.334659416 372.754100315 24725332.0
2209 2 450.38631051 415.171687013 33757732.0
2210 1 187.098987883 373.639971174 26850963.0
2210 2 447.822617858 415.609172911 30238649.0
2211 1 190.263912428 373.699072254 24879546.0
2211 2 446.068522284 416.555718838 31192961.0
2212 1 191.47519393 374.493964756 29544039.0
2212 2 447.977519879 415.952932587 33471547.0
2213 1 189.232811499 373.918659219 25700824.0
2213 2 448.683544674 415.125775968 31416362.0
2214 1 190.076122239 372.834717961 27566918.0
2214 2 446.854807773 413.235247747 30545637.0
2215 1 186.924543512 372.372545986 25624737.0
2215 2 444.266098016 413.302496563 28273635.0
2216 1 186.207981648 374.503931038 26772274.0
2216 2 443.013636122 412.008840458 28926242.0
2217 1 186.805700742 371.861503544 27472985.0
2217 2 445.664521704 413.28738739 28446227.0
2218 1 188.076836054 373.051507879 25881840.0
2218 2 445.756718209 413.76317714 31602440.0
2219 1 188.755024517 374.344064289 25839100.0
2219 2 445.954654493 413.475198898 28955734.0
2220 1 188.508474707 376.483752176 27108904.0
2220 2 447.234001145 415.96726935 30112887.0
2221 1 190.317751481 376.579248348 27663008.0
2221 2 448.152877877 417.118214612 31896204.0
2222 1 189.632782942 374.941684563 25421390.0
2222 2 447.057474857 415.18705623 31342462.0
2223 1 188.152559782 377.866459351 25516660.0
2223 2 446.315017521 417.013301597 32965716.0
2224 1 191.079356231 376.915463309 26389983.0
2224 2 449.122081827 416.896986785 31167326.0
2225 1 192.314264676 375.826328447 26826725.0
2225 2 451.371931512 415.363369834 33855063.0
2226 1 194.517073596 374.722387274 27273082.0
2226 2 451.645447716 415.090032003 31552404.0
2227 1 194.78570899 375.279176307 26249996.0
2227 2 452.448453605 417.320758452 34382196.0
2228 1 193.986006834 375.812487229 26594331.0
2228 2 451.427861745 418.915676034 32312076.0
2229 1 193.501751689 378.592822635 27089987.0
2229 2 453.006096965 420.142363009 32910236.0
2230 1 196.11700699 379.940662322 27674337.0
2230 2 453.323619501 419.827821688 31615356.0
2231 1 196.128050408 381.462556352 26237706.0
2231 2 452.597214831 420.542247232 30728933.0
2232 1 194.579937901 384.138950337 27435053.0
2232 2 452.848688821 424.986629029 31449973.0
2233 1 196.45458308 381.990464766 28090325.0
2233 2 455.63334406 425.141082454 31768500.0
2234 1 194.909883619 380.616008988 27536632.0
2234 2 457.221448115 422.328782332 29922408.0
2235 1 193.408753539 380.796456421 28333197.0
2235 2 457.219218864 424.42034019 30595861.0
2236 1 194.673009652 380.367525708 25706011.0
2236 2 454.161496098 422.750253416 32697230.0
2237 1 196.766298634 377.786450944 25792774.0
2237 2 454.091185017 420.131117353 31391320.0
2238 1 197.071860303 373.915598589 25006417.0
2238 2 456.563767749 416.461095957 36025006.0
2239 1 196.141170055 374.49152093 25138054.0
2239 2 455.431839372 413.213440953 29974522.0
2240 1 197.259870207 375.233618861 24693591.0
2240 2 455.795415525 415.461478415 28113491.0
2241 1 197.128798495 376.616025706 24528455.0
2241 2 454.931399105 416.573373102 30714427.0
2242 1 196.417260436 374.240599034 26525230.0
2242 2 453.869617828 417.30252426 28551543.0
2243 1 198.503196457 374.131503456 25851544.0
2243 2 455.958230362 418.595842396 31018316.0
2244 1 196.018520687 375.827901284 28247859.0
2244 2 457.148787446 420.961298484 30356641.0
2245 1 195.190872126 375.664583675 26499803.0
2245 2 454.490965048 419.00929485 34554986.0
2246 1 190.533853075 375.34495339 25549250.0
2246 2 452.530003999 417.99394297 31578453.0
2247 1 192.434077322 374.176137003 26961249.0
2247 2 452.843661762 418.178633187 32776758.0
2248 1 193.783298498 375.966690988 28555244.0
2248 2 453.167418151 418.942717786 33089090.0
2249 1 193.923617004 375.353255448 28064652.0
2249 2 453.267474629 418.402782684 33691587.0
2250 1 195.666075897 376.875883247 27649663.0
2250 2 455.578349821 419.742043207 32459478.0
2251 1 197.775002876 376.657524064 25046261.0
2251 2 457.693985313 417.960632225 31792293.0
2252 1 195.79815536 377.509291318 26619021.0
2252 2 455.145348223 418.313262199 32988537.0
2253 1 197.672245311 379.117442736 27721727.0
2253 2 451.941529244 416.806066714 33523404.0
2254 1 196.766456293 376.835384395 25846258.0
2254 2 453.11998641 416.18148708 31097063.0
2255 1 199.34830619 379.254712557 24602756.0
2255 2 456.767337825 417.268251469 31230146.0
2256 1 197.859125485 381.839632769 27284361.0
2256 2 456.008837283 422.239820617 30776264.0
2257 1 195.485784905 381.857146351 28307809.0
2257 2 453.813581965 422.926699333 28178781.0
2258 1 197.223477642 379.392705097 26240715.0
2258 2 454.006462218 421.172495436 31737217.0
2259 1 194.510655774 381.342890815 25298488.0
2259 2 453.419103771 420.286089294 30405140.0
2260 1 191.556076109 380.934005959 26592108.0
2260 2 450.027353086 419.903900673 30810842.0
2261 1 193.191390636 377.355834279 26836325.0
2261 2 449.657323043 418.501605971 30442855.0
2262 1 193.198370094 377.374668169 28437594.0
2262 2 453.236553676 416.076239622 28755478.0
2263 1 195.646329966 373.012861714 28007725.0
2263 2 453.211370651 415.273408534 35346473.0
2264 1 193.812134757 374.372268806 24844862.0
2264 2 453.352215087 412.330617354 28739392.0
2265 1 197.155853935 376.600190988 25641728.0
2265 2 453.423790069 415.750996235 31101325.0
2266 1 200.622853465 375.453289171 29212145.0
2266 2 456.262279107 416.729682345 30313127.0
2267 1 198.028839886 374.490291455 27165768.0
2267 2 454.722843455 416.108621345 29012440.0
2268 1 196.444192517 373.294964663 28136563.0
2268 2 452.881663754 417.103770315 31231862.0
2269 1 198.324258995 374.578687512 28627145.0
2269 2 453.103810032 417.764771805 29824279.0
2270 1 197.163920588 374.568646822 26944378.0
2270 2 453.984150237 417.681900179 32585197.0
2271 1 195.410218437 374.460020505 29115182.0
2271 2 452.460174494 418.03802418 33524675.0
2272 1 196.565145773 376.919912094 30453902.0
2272 2 453.222624709 418.333733206 32091700.0
2273 1 198.883548393 378.16162282 25878122.0
2273 2 453.565119807 419.704012286 32975163.0
2274 1 198.949650695 379.933013642 28100712.0
2274 2 453.364460113 421.667418721 32091573.0
2275 1 200.90531326 380.498634118 25489939.0
2275 2 454.291134789 421.991559052 31125725.0
2276 1 198.899744012 383.697560762 27256148.0
2276 2 456.181363352 423.684719572 33078375.0
2277 1 197.915981248 384.983603321 27990246.0
2277 2 453.562617824 423.872112014 33487403.0
2278 1 198.054798789 385.780855628 29105588.0
2278 2 454.540791267 423.910670078 29527676.0
2279 1 200.418531729 385.96126972 29919332.0
2279 2 458.781349286 423.942188404 26544502.0
2280 1 203.425750314 386.061589522 28617828.0
2280 2 459.049447067 426.998232475 30732007.0
2281 1 205.562520532 385.297051374 31030544.0
2281 2 459.66448352 426.875950508 31482378.0
2282 1 202.241321433 385.012379584 26754675.0
2282 2 458.71396898 425.156057196 31276625.0
2283 1 201.420403229 384.827114953 26103830.0
2283 2 457.500255511 424.353203034 29429438.0
2284 1 202.624362739 385.619273344 28654342.0
2284 2 454.196335434 422.370088155 34346238.0
2285 1 202.363983953 385.905993775 27302847.0
2285 2 456.033381814 424.286708038 31129425.0
2286 1 199.874707445 386.654701047 26022325.0
2286 2 453.003613808 426.080733728 28973406.0
2287 1 200.263626913 388.781628665 26265888.0
2287 2 456.0468241 430.093236529 30038744.0
2288 1 201.981109051 386.79289023 26531779.0
2288 2 458.462232633 429.285465556 32163403.0
2289 1 201.627776653 383.769218323 26094200.0
2289 2 456.753597428 427.336740269 29369083.0
2290 1 201.298901307 382.940257042 27022197.0
2290 2 459.4629689 426.519967075 33164323.0
2291 1 201.38997195 381.456724665 24836063.0
2291 2 460.104415077 424.854376671 30516498.0
2292 1 200.576136113 378.773131217 27265865.0
2292 2 456.354812602 420.43150621 36255708.0
2293 1 203.581342515 382.228248388 27918601.0
2293 2 458.877901569 422.896578311 33532104.0
2294 1 204.135983452 383.415641866 25967630.0
2294 2 459.868501634 425.169898701 32595641.0
2295 1 204.559046699 380.541018606 25123185.0
2295 2 456.714401795 424.265454333 35288473.0
2296 1 200.613289836 379.73268652 27977913.0
2296 2 458.19156102 421.868286799 30428573.0
